9.9982E-05 0.178305 0.730788 0.0907065 9.9982E-05
9.9973E-05 9.9973E-05 0.926922 0.0727784 9.9973E-05
9.998E-05 0.537169 0.454632 0.00799852 9.998E-05
0.349368 0.225807 0.424625 9.99821E-05 9.99821E-05
9.9982E-05 0.0691458 0.0334457 9.9982E-05 0.897208
0.898887 0.0720167 9.9982E-05 0.0288964 9.9982E-05
9.9973E-05 0.793001 9.9973E-05 0.206699 9.9973E-05
9.99731E-05 0.0348486 0.964851 9.99731E-05 9.99731E-05
0.442463 9.99731E-05 9.99731E-05 0.557238 9.99731E-05
9.9973E-05 0.124457 9.9973E-05 9.9973E-05 0.875243
9.99731E-05 0.42374 9.99731E-05 9.99731E-05 0.57596
0.113394 9.9973E-05 0.886306 9.9973E-05 9.9973E-05
0.0865206 0.147733 0.0452093 0.146667 0.57387
0.0698351 0.826571 9.9991E-05 0.0437701 0.0597237
0.00717537 9.9973E-05 9.9973E-05 9.9973E-05 0.992525
9.99731E-05 0.0757833 9.99731E-05 0.923917 9.99731E-05
0.136545 9.9973E-05 0.863155 9.9973E-05 9.9973E-05
0.330428 0.0948105 9.9991E-05 0.19989 0.374772
0.9996 9.997E-05 9.997E-05 9.997E-05 9.997E-05
9.99731E-05 9.99731E-05 9.99731E-05 0.950008 0.0496923
0.0192811 9.9991E-05 0.0547477 0.862282 0.0635897
0.365272 9.9991E-05 0.134147 0.422291 0.0781894
9.9982E-05 0.0634189 9.9982E-05 0.798416 0.137965
0.140501 0.275461 0.407538 0.176399 9.9991E-05
0.101828 0.897872 9.9973E-05 9.9973E-05 9.9973E-05
9.9973E-05 9.9973E-05 9.9973E-05 0.134829 0.864871
0.119327 0.294946 0.585527 9.998E-05 9.998E-05
0.560611 0.160268 9.999E-05 0.0758325 0.203189
9.997E-05 9.997E-05 0.9996 9.997E-05 9.997E-05
0.725806 9.998E-05 0.242868 9.998E-05 0.0311261
9.99731E-05 0.998674 9.99731E-05 9.99731E-05 0.00102563
9.997E-05 0.9996 9.997E-05 9.997E-05 9.997E-05
9.9973E-05 0.483288 9.9973E-05 9.9973E-05 0.516412
0.883885 0.102437 9.9982E-05 0.013478 9.9982E-05
0.256022 0.0756757 0.668103 9.9982E-05 9.9982E-05
0.0158747 0.0538133 9.9982E-05 0.930112 9.9982E-05
0.833295 9.99731E-05 9.99731E-05 0.166405 9.99731E-05
0.935272 0.0644278 9.9973E-05 9.9973E-05 9.9973E-05
0.109429 0.441065 0.103297 0.0138374 0.332372
0.937991 9.99821E-05 0.00368113 9.99821E-05 0.0581281
0.877667 9.997E-05 0.122033 9.997E-05 9.997E-05
0.214164 9.9973E-05 0.785536 9.9973E-05 9.9973E-05
9.99731E-05 9.99731E-05 9.99731E-05 0.839283 0.160417
0.00887995 0.94536 0.0455604 9.9982E-05 9.9982E-05
9.99731E-05 9.99731E-05 9.99731E-05 0.244329 0.755371
9.99731E-05 9.99731E-05 0.934568 0.0651318 9.99731E-05
0.0880603 9.9973E-05 9.9973E-05 0.91164 9.9973E-05
0.818467 9.99731E-05 9.99731E-05 0.181233 9.99731E-05
9.99821E-05 9.99821E-05 0.0816113 0.346062 0.572127
0.302511 9.9982E-05 9.9982E-05 0.588444 0.108844
