0.630534 9.9982E-05 0.122442 9.9982E-05 0.246824
0.947027 9.9973E-05 0.0526729 9.9973E-05 9.9973E-05
0.351949 9.9982E-05 0.0191399 9.9982E-05 0.628711
0.531485 9.99821E-05 9.99821E-05 0.279605 0.18871
0.00716491 0.992535 9.9973E-05 9.9973E-05 9.9973E-05
0.0100539 9.9982E-05 9.9982E-05 0.851703 0.138043
9.9991E-05 0.320927 0.0843016 0.0120621 0.582609
0.896149 9.9982E-05 0.00369332 9.9982E-05 0.0999581
9.99731E-05 9.99731E-05 0.412542 0.587158 9.99731E-05
9.997E-05 0.9996 9.997E-05 9.997E-05 9.997E-05
9.99731E-05 0.815218 9.99731E-05 9.99731E-05 0.184482
0.879839 9.9973E-05 9.9973E-05 0.119861 9.9973E-05
9.9991E-05 0.505355 0.261396 0.070443 0.162706
0.0545175 0.219663 9.99821E-05 9.99821E-05 0.72562
9.9973E-05 0.834568 0.165132 9.9973E-05 9.9973E-05
9.99731E-05 9.99731E-05 0.860984 9.99731E-05 0.138716
0.932001 9.9973E-05 9.9973E-05 0.0676987 9.9973E-05
9.999E-05 0.354603 0.291771 0.240258 0.113268
0.0315684 9.9973E-05 9.9973E-05 0.968132 9.9973E-05
9.997E-05 9.997E-05 0.9996 9.997E-05 9.997E-05
0.0826888 9.99731E-05 0.917011 9.99731E-05 9.99731E-05
0.122615 0.0370936 0.416989 0.423203 9.9991E-05
9.9982E-05 0.0307212 0.858393 9.9982E-05 0.110686
0.467648 0.0913339 0.110942 0.178142 0.151934
9.9973E-05 9.9973E-05 9.9973E-05 0.0541273 0.945573
9.9973E-05 0.616973 0.382727 9.9973E-05 9.9973E-05
0.510095 9.9982E-05 9.9982E-05 0.142488 0.347217
9.99821E-05 0.290768 0.043622 0.66541 9.99821E-05
0.9996 9.997E-05 9.997E-05 9.997E-05 9.997E-05
0.276676 9.99731E-05 9.99731E-05 0.723024 9.99731E-05
9.99731E-05 0.0890198 9.99731E-05 9.99731E-05 0.91068
9.997E-05 9.997E-05 9.997E-05 9.997E-05 0.9996
9.9973E-05 0.75641 9.9973E-05 9.9973E-05 0.24329
9.9982E-05 9.9982E-05 0.0509832 0.856116 0.0927004
0.742883 9.9982E-05 9.9982E-05 0.231851 0.0250662
9.9982E-05 9.9982E-05 0.897756 0.0748217 0.0272227
9.9973E-05 9.9973E-05 0.220781 0.778919 9.9973E-05
9.9982E-05 9.9982E-05 0.0278306 0.904553 0.0674169
0.0993294 0.321325 9.9991E-05 0.1068 0.472446
0.0758174 0.0717033 9.9982E-05 0.852279 9.9982E-05
0.262135 9.9973E-05 9.9973E-05 0.737565 9.9973E-05
0.846886 9.99731E-05 9.99731E-05 0.152814 9.99731E-05
9.99731E-05 0.0559793 0.943721 9.99731E-05 9.99731E-05
9.997E-05 9.997E-05 9.997E-05 9.997E-05 0.9996
9.99731E-05 0.703168 0.296532 9.99731E-05 9.99731E-05
0.968733 9.99731E-05 0.0309666 9.99731E-05 9.99731E-05
9.9973E-05 9.9973E-05 0.850076 0.149624 9.9973E-05
9.99731E-05 9.99731E-05 0.207659 0.792041 9.99731E-05
0.0609705 0.440882 0.497947 9.99821E-05 9.99821E-05
9.99821E-05 0.0981994 0.647355 0.254245 9.99821E-05
