0.788304 0.0484765 9.998E-05 9.998E-05 0.16302
0.937628 9.997E-05 0.062072 9.997E-05 9.997E-05
0.492577 9.9973E-05 9.9973E-05 9.9973E-05 0.507123
9.998E-05 9.998E-05 0.881378 0.054312 0.0641096
9.998E-05 9.998E-05 0.0321987 0.715511 0.25209
0.0866288 0.671226 0.218529 9.999E-05 0.0235161
9.9982E-05 0.0983347 9.9982E-05 0.039508 0.861957
0.744096 0.0164587 0.134817 9.9991E-05 0.104528
9.997E-05 0.9996 9.997E-05 9.997E-05 9.997E-05
9.997E-05 9.997E-05 9.997E-05 0.590962 0.408738
9.997E-05 9.997E-05 9.997E-05 0.168029 0.831671
0.830908 9.9973E-05 0.168792 9.9973E-05 9.9973E-05
9.9982E-05 0.228948 9.9982E-05 0.45478 0.316072
9.99821E-05 0.0902924 0.098235 9.99821E-05 0.811273
9.997E-05 9.997E-05 9.997E-05 0.914815 0.0848854
9.99821E-05 0.594312 9.99821E-05 0.382667 0.0228213
0.388022 9.9973E-05 0.611678 9.9973E-05 9.9973E-05
9.9982E-05 0.499952 9.9982E-05 0.213924 0.285924
9.9973E-05 0.668697 0.331003 9.9973E-05 9.9973E-05
9.997E-05 0.556976 9.997E-05 0.442724 9.997E-05
9.99731E-05 0.601172 9.99731E-05 0.398528 9.99731E-05
0.130005 0.695503 0.0424852 0.131907 9.9991E-05
9.997E-05 0.3709 9.997E-05 0.6288 9.997E-05
0.0501108 0.101338 0.556639 0.13798 0.153932
9.99731E-05 9.99731E-05 0.131674 9.99731E-05 0.868026
0.0328316 9.997E-05 9.997E-05 0.966868 9.997E-05
9.997E-05 9.997E-05 0.797198 9.997E-05 0.202502
9.999E-05 0.267475 0.453318 0.272281 0.0068262
0.9996 9.997E-05 9.997E-05 9.997E-05 9.997E-05
9.99731E-05 0.348335 0.651365 9.99731E-05 9.99731E-05
0.041835 9.997E-05 9.997E-05 9.997E-05 0.957865
9.997E-05 9.997E-05 9.997E-05 9.997E-05 0.9996
9.9973E-05 9.9973E-05 9.9973E-05 0.280471 0.719229
9.998E-05 0.632503 0.313595 9.998E-05 0.0537018
9.997E-05 9.997E-05 0.9996 9.997E-05 9.997E-05
0.0474811 0.750234 9.999E-05 0.163463 0.0387224
9.9973E-05 0.773951 0.225749 9.9973E-05 9.9973E-05
0.061312 0.656266 0.277364 9.999E-05 0.00495793
0.0902213 0.148424 9.99821E-05 9.99821E-05 0.761155
9.9973E-05 0.434721 0.564979 9.9973E-05 9.9973E-05
0.0571793 0.352513 0.590108 9.998E-05 9.998E-05
0.517975 9.997E-05 0.481725 9.997E-05 9.997E-05
9.99731E-05 0.270545 9.99731E-05 0.729155 9.99731E-05
0.0501301 9.9982E-05 0.00314257 9.9982E-05 0.946527
9.99731E-05 9.99731E-05 9.99731E-05 0.998916 0.000783666
0.690332 9.9973E-05 0.309368 9.9973E-05 9.9973E-05
9.9973E-05 0.829866 9.9973E-05 0.169834 9.9973E-05
9.997E-05 0.85972 0.13998 9.997E-05 9.997E-05
0.0955699 0.00962664 0.0386007 0.856103 9.999E-05
9.9982E-05 0.729221 9.9982E-05 0.247787 0.0227918
