0.0769623 9.9982E-05 9.9982E-05 0.731404 0.191434
0.0411024 9.9973E-05 9.9973E-05 0.958598 9.9973E-05
0.0116117 9.9982E-05 9.9982E-05 0.362809 0.625379
9.99821E-05 9.99821E-05 0.328419 0.503948 0.167432
9.997E-05 0.9996 9.997E-05 9.997E-05 9.997E-05
9.9973E-05 9.9973E-05 0.919188 9.9973E-05 0.0805123
0.0487948 0.195209 0.0431364 9.9991E-05 0.71276
0.010348 9.99821E-05 9.99821E-05 0.980122 0.00933054
0.470595 9.99731E-05 0.529105 9.99731E-05 9.99731E-05
9.9973E-05 0.950395 9.9973E-05 9.9973E-05 0.0493052
9.99731E-05 0.606129 9.99731E-05 9.99731E-05 0.393571
9.9973E-05 9.9973E-05 0.0980701 0.90163 9.9973E-05
0.0721465 0.744205 0.115646 9.9991E-05 0.0679023
9.999E-05 0.173961 0.00859605 0.0557999 0.761543
0.0357792 0.963921 9.99731E-05 9.99731E-05 9.99731E-05
0.825844 9.99731E-05 9.99731E-05 9.99731E-05 0.173856
9.9982E-05 0.0160819 0.149 0.834718 9.9982E-05
0.293275 0.445498 0.23823 9.9991E-05 0.0228976
9.997E-05 9.997E-05 0.9996 9.997E-05 9.997E-05
0.9996 9.997E-05 9.997E-05 9.997E-05 9.997E-05
0.91725 0.0288 9.99821E-05 0.0537496 9.99821E-05
0.417372 0.0644803 0.430325 0.0877223 9.9991E-05
0.701802 0.239233 0.0114307 9.9991E-05 0.0474346
0.209795 9.9991E-05 0.0818865 0.407223 0.300995
0.00201943 9.9982E-05 0.0567646 9.9982E-05 0.941016
0.235452 0.764248 9.9973E-05 9.9973E-05 9.9973E-05
9.99821E-05 9.99821E-05 0.0298879 0.659914 0.309998
0.0130224 0.454554 0.492144 9.9991E-05 0.0401795
9.997E-05 9.997E-05 9.997E-05 0.9996 9.997E-05
0.0575873 0.018192 0.464372 0.459748 9.9991E-05
9.997E-05 9.997E-05 9.997E-05 9.997E-05 0.9996
9.997E-05 9.997E-05 9.997E-05 9.997E-05 0.9996
9.9973E-05 0.624491 9.9973E-05 9.9973E-05 0.375209
0.0256791 9.9982E-05 0.89287 9.9982E-05 0.0812509
9.9982E-05 9.9982E-05 0.178382 0.767828 0.0535897
0.960836 9.9991E-05 0.0205629 0.00543565 0.0130656
0.304462 9.9973E-05 0.695238 9.9973E-05 9.9973E-05
0.0473143 9.9982E-05 0.905727 9.9982E-05 0.0467584
0.0925484 0.13519 0.141897 9.9991E-05 0.630265
9.99821E-05 0.102981 0.782323 0.114496 9.99821E-05
9.9973E-05 9.9973E-05 0.847619 0.152081 9.9973E-05
9.9973E-05 9.9973E-05 0.148008 0.851692 9.9973E-05
0.867144 0.120761 9.99821E-05 0.0118947 9.99821E-05
9.997E-05 9.997E-05 9.997E-05 9.997E-05 0.9996
0.196137 0.803563 9.99731E-05 9.99731E-05 9.99731E-05
0.0229987 9.99731E-05 9.99731E-05 0.976701 9.99731E-05
0.853923 9.9973E-05 0.145778 9.9973E-05 9.9973E-05
0.282598 9.99731E-05 0.717102 9.99731E-05 9.99731E-05
0.468463 0.405508 9.99821E-05 0.125829 9.99821E-05
0.836 9.99731E-05 0.1637 9.99731E-05 9.99731E-05
