0.242674 9.9982E-05 9.9982E-05 0.168198 0.588928
9.99731E-05 9.99731E-05 9.99731E-05 0.0156342 0.984066
0.562149 9.9982E-05 9.9982E-05 0.0630749 0.374576
0.196332 9.99821E-05 0.235636 9.99821E-05 0.567832
9.9982E-05 0.973622 9.9982E-05 0.00424535 0.0219328
0.111698 9.9982E-05 0.885571 9.9982E-05 0.00253112
0.715801 0.194185 0.0247747 0.065139 9.9991E-05
0.0458415 9.99821E-05 9.99821E-05 0.0350488 0.91891
9.9973E-05 9.9973E-05 0.52551 0.47419 9.9973E-05
9.997E-05 0.9996 9.997E-05 9.997E-05 9.997E-05
0.196572 0.803128 9.99731E-05 9.99731E-05 9.99731E-05
9.9973E-05 9.9973E-05 0.104082 9.9973E-05 0.895618
0.150592 0.579646 0.0894386 0.180224 9.9991E-05
0.905365 0.0222871 0.0442577 0.0212371 0.00685325
9.9982E-05 0.837393 0.0146607 0.147746 9.9982E-05
0.0716274 9.99731E-05 9.99731E-05 0.928073 9.99731E-05
9.9973E-05 9.9973E-05 0.123329 9.9973E-05 0.876371
0.0699043 0.314263 0.267269 0.348464 9.9991E-05
9.9973E-05 9.9973E-05 0.966689 9.9973E-05 0.0330112
9.997E-05 9.997E-05 9.997E-05 0.9996 9.997E-05
9.99821E-05 9.99821E-05 0.0224527 0.906418 0.0709296
9.9991E-05 0.0315526 0.427016 0.40672 0.134612
0.0125694 0.128955 9.9982E-05 0.858276 9.9982E-05
0.243544 0.045094 0.0324858 0.13815 0.540726
0.90536 9.9973E-05 0.0943401 9.9973E-05 9.9973E-05
9.9973E-05 0.630291 9.9973E-05 0.369409 9.9973E-05
0.345278 9.997E-05 9.997E-05 9.997E-05 0.654422
0.131415 0.203272 0.532654 0.132559 9.9991E-05
9.99732E-05 9.99732E-05 9.99732E-05 0.0844265 0.915274
9.99821E-05 0.00295942 0.577626 9.99821E-05 0.419215
0.9996 9.997E-05 9.997E-05 9.997E-05 9.997E-05
0.9996 9.997E-05 9.997E-05 9.997E-05 9.997E-05
0.314868 0.684832 9.9973E-05 9.9973E-05 9.9973E-05
0.110593 9.9973E-05 0.889107 9.9973E-05 9.9973E-05
0.0328015 9.9982E-05 0.06224 9.9982E-05 0.904759
9.9973E-05 9.9973E-05 0.085131 0.914569 9.9973E-05
9.9973E-05 9.9973E-05 0.786768 0.212932 9.9973E-05
9.9982E-05 0.0481401 0.93484 0.0168202 9.9982E-05
0.290492 0.46284 0.166752 9.999E-05 0.0798169
9.9982E-05 0.0185325 0.801912 9.9982E-05 0.179356
9.9973E-05 9.9973E-05 0.808763 9.9973E-05 0.190937
9.99731E-05 9.99731E-05 0.0957344 9.99731E-05 0.903966
9.99731E-05 0.0798188 9.99731E-05 0.919881 9.99731E-05
0.9996 9.997E-05 9.997E-05 9.997E-05 9.997E-05
9.9973E-05 0.713013 9.9973E-05 0.286687 9.9973E-05
9.99731E-05 9.99731E-05 9.99731E-05 0.0400441 0.959656
9.9973E-05 9.9973E-05 0.160709 0.838991 9.9973E-05
9.99731E-05 9.99731E-05 0.879286 0.120415 9.99731E-05
9.99821E-05 0.521615 9.99821E-05 0.388635 0.0895502
9.9982E-05 0.13058 0.295103 0.574117 9.9982E-05
