9.99821E-05 0.63285 9.99821E-05 0.133979 0.232971
9.9973E-05 0.958808 9.9973E-05 0.0408916 9.9973E-05
9.9982E-05 0.394892 9.9982E-05 0.0302937 0.574614
0.262613 0.570746 0.0336935 9.9991E-05 0.132847
0.0462079 0.00530876 0.936839 9.9991E-05 0.0115445
0.902383 9.9973E-05 9.9973E-05 9.9973E-05 0.0973173
9.9991E-05 0.0584567 0.354564 0.0513249 0.535555
9.99731E-05 0.974703 9.99731E-05 9.99731E-05 0.024997
0.491054 9.99731E-05 9.99731E-05 0.508646 9.99731E-05
9.997E-05 9.997E-05 0.9996 9.997E-05 9.997E-05
9.99731E-05 9.99731E-05 0.624181 9.99731E-05 0.375519
0.0847197 0.91498 9.9973E-05 9.9973E-05 9.9973E-05
0.0875568 9.9991E-05 0.529187 0.194945 0.188211
0.0422341 0.0967621 0.238243 9.9991E-05 0.62266
9.99731E-05 9.99731E-05 0.81692 0.18278 9.99731E-05
9.99731E-05 9.99731E-05 9.99731E-05 0.935516 0.0641845
0.143336 0.813695 9.9982E-05 9.9982E-05 0.0427689
0.217169 9.9991E-05 0.378608 0.345978 0.0581444
0.9996 9.997E-05 9.997E-05 9.997E-05 9.997E-05
9.997E-05 9.997E-05 9.997E-05 0.9996 9.997E-05
0.107784 0.032351 9.99821E-05 0.859665 9.99821E-05
0.342124 0.111908 9.99821E-05 0.545768 9.99821E-05
9.9982E-05 9.9982E-05 0.208114 0.790312 0.00137478
0.0570488 0.533195 0.0192266 0.223968 0.166561
0.0431647 9.9982E-05 9.9982E-05 0.00575095 0.950884
9.9973E-05 9.9973E-05 0.56393 0.43577 9.9973E-05
0.0542895 0.571604 9.9982E-05 9.9982E-05 0.373906
0.653754 9.99731E-05 0.345946 9.99731E-05 9.99731E-05
9.997E-05 0.9996 9.997E-05 9.997E-05 9.997E-05
0.629902 0.352662 9.99821E-05 0.0172354 9.99821E-05
9.99731E-05 9.99731E-05 0.0713064 9.99731E-05 0.928394
9.997E-05 9.997E-05 9.997E-05 9.997E-05 0.9996
9.9973E-05 9.9973E-05 0.682243 9.9973E-05 0.317457
0.890972 9.9982E-05 9.9982E-05 0.0454857 0.0633427
0.128356 0.801532 9.9982E-05 9.9982E-05 0.069912
0.0614612 0.00610697 9.9991E-05 0.921327 0.0110053
0.764736 9.9973E-05 9.9973E-05 0.234964 9.9973E-05
0.921501 9.998E-05 9.998E-05 0.0317939 0.0465052
0.0329518 0.164696 0.61847 9.999E-05 0.183782
0.854885 0.0871832 0.0577324 9.99821E-05 9.99821E-05
0.768927 0.230773 9.9973E-05 9.9973E-05 9.9973E-05
0.124349 0.875351 9.9973E-05 9.9973E-05 9.9973E-05
9.997E-05 9.997E-05 9.997E-05 0.9996 9.997E-05
9.997E-05 9.997E-05 9.997E-05 9.997E-05 0.9996
9.9973E-05 9.9973E-05 0.796541 0.203159 9.9973E-05
9.99731E-05 0.933522 9.99731E-05 0.0661784 9.99731E-05
0.15655 9.9973E-05 9.9973E-05 0.84315 9.9973E-05
0.822982 9.99731E-05 9.99731E-05 0.176718 9.99731E-05
9.99821E-05 0.141534 0.466842 0.391424 9.99821E-05
0.254556 9.9991E-05 0.0497233 0.668362 0.0272583
