0.651086 0.213666 9.9982E-05 0.135048 9.9982E-05
0.97585 9.9973E-05 9.9973E-05 0.0238501 9.9973E-05
0.404528 0.515899 9.9982E-05 0.0793736 9.9982E-05
0.496236 0.178566 0.324998 9.9982E-05 9.9982E-05
9.9973E-05 0.128831 9.9973E-05 9.9973E-05 0.870869
9.9982E-05 0.082907 0.890736 0.0261575 9.9982E-05
9.9982E-05 0.78506 9.9982E-05 0.145721 0.0690199
0.857248 0.0850417 9.9982E-05 0.0575102 9.9982E-05
9.9973E-05 9.9973E-05 0.43492 0.56478 9.9973E-05
9.9973E-05 0.377874 9.9973E-05 9.9973E-05 0.621826
9.99732E-05 0.754305 9.99732E-05 9.99732E-05 0.245395
0.927982 9.9973E-05 0.0717176 9.9973E-05 9.9973E-05
9.9991E-05 0.198404 0.0947047 0.0844199 0.622372
9.99821E-05 0.912901 0.0854977 9.99821E-05 0.00140089
9.99731E-05 0.023412 9.99731E-05 9.99731E-05 0.976288
9.99731E-05 0.0743184 9.99731E-05 0.925382 9.99731E-05
0.897511 9.99731E-05 0.102189 9.99731E-05 9.99731E-05
9.999E-05 0.0988086 0.253593 0.232033 0.415466
9.997E-05 9.997E-05 0.9996 9.997E-05 9.997E-05
9.99731E-05 9.99731E-05 9.99731E-05 0.873984 0.125716
0.0375554 9.9991E-05 0.0292395 0.840654 0.0924511
0.105768 9.99821E-05 0.335802 0.55823 9.99821E-05
9.9982E-05 0.0397328 9.9982E-05 0.787486 0.172581
0.414927 0.312267 0.105376 0.167329 9.9991E-05
0.0580183 0.853812 0.0879697 9.9982E-05 9.9982E-05
9.9973E-05 9.9973E-05 9.9973E-05 0.175514 0.824186
0.508843 0.370136 0.120821 9.9982E-05 9.9982E-05
9.9991E-05 0.163329 0.607025 0.0597066 0.16984
0.955514 9.99732E-05 9.99732E-05 0.0441863 9.99732E-05
0.201607 9.99731E-05 0.798093 9.99731E-05 9.99731E-05
9.997E-05 0.9996 9.997E-05 9.997E-05 9.997E-05
9.997E-05 0.9996 9.997E-05 9.997E-05 9.997E-05
9.9973E-05 0.607369 9.9973E-05 9.9973E-05 0.392332
9.9982E-05 0.0465363 0.896545 0.0567185 9.9982E-05
0.689177 0.0123115 0.298312 9.9982E-05 9.9982E-05
9.9982E-05 0.0259736 0.0596189 0.914208 9.9982E-05
9.9973E-05 9.9973E-05 0.791993 0.207707 9.9973E-05
9.9982E-05 0.0586485 0.901666 0.0394856 9.9982E-05
0.0166467 0.756244 0.0748132 0.115443 0.0368538
0.0498975 9.99821E-05 0.913695 9.99821E-05 0.0362075
0.207968 9.9973E-05 0.791732 9.9973E-05 9.9973E-05
0.869387 9.9973E-05 0.130313 9.9973E-05 9.9973E-05
9.99731E-05 9.99731E-05 9.99731E-05 0.686997 0.312703
0.0292295 0.970471 9.9973E-05 9.9973E-05 9.9973E-05
9.99731E-05 9.99731E-05 9.99731E-05 0.00144209 0.998258
0.890421 9.9973E-05 9.9973E-05 0.109279 9.9973E-05
9.99731E-05 9.99731E-05 0.112999 0.886701 9.99731E-05
9.99731E-05 9.99731E-05 0.764141 0.235559 9.99731E-05
0.137205 9.99821E-05 9.99821E-05 0.0270562 0.835539
9.99731E-05 9.99731E-05 0.239081 0.760619 9.99731E-05
