0.570755 9.9982E-05 0.25883 0.170215 9.9982E-05
0.94555 9.9973E-05 9.9973E-05 0.0541496 9.9973E-05
0.372024 9.9982E-05 0.578285 0.049491 9.9982E-05
0.571222 0.287381 0.141197 9.99821E-05 9.99821E-05
0.0243667 0.0287245 0.0857589 9.9991E-05 0.86105
0.0029711 0.903974 0.0928551 9.9982E-05 9.9982E-05
0.00705505 0.0715605 0.530081 0.0611765 0.330126
0.953668 9.99731E-05 0.0460324 9.99731E-05 9.99731E-05
9.9973E-05 0.496848 9.9973E-05 0.502852 9.9973E-05
9.997E-05 9.997E-05 9.997E-05 9.997E-05 0.9996
9.99731E-05 9.99731E-05 0.308772 9.99731E-05 0.690928
0.893481 0.10622 9.9973E-05 9.9973E-05 9.9973E-05
9.9991E-05 0.0530042 0.197398 0.224489 0.525008
9.99821E-05 0.0949984 0.876073 9.99821E-05 0.0287284
9.99731E-05 0.0176008 9.99731E-05 9.99731E-05 0.982099
9.99731E-05 9.99731E-05 0.114671 0.88503 9.99731E-05
0.878686 0.109397 0.0117165 9.9982E-05 9.9982E-05
9.9982E-05 0.259214 9.9982E-05 0.339528 0.401058
9.997E-05 0.9996 9.997E-05 9.997E-05 9.997E-05
9.997E-05 9.997E-05 9.997E-05 0.9996 9.997E-05
0.0269184 0.0679166 9.9991E-05 0.864733 0.0403316
0.139747 0.431838 9.99821E-05 0.428214 9.99821E-05
9.9982E-05 9.9982E-05 0.0390501 0.859205 0.101545
0.45252 0.155622 0.210079 0.123999 0.0577796
9.9982E-05 0.0185749 0.944661 0.036564 9.9982E-05
9.9973E-05 9.9973E-05 9.9973E-05 0.331667 0.668034
0.505221 0.0803596 0.41422 9.9982E-05 9.9982E-05
0.00850498 0.618912 0.0425274 9.9991E-05 0.329956
0.967549 9.99731E-05 9.99731E-05 0.0321515 9.99731E-05
0.308476 0.652935 9.99821E-05 0.0383888 9.99821E-05
9.9973E-05 9.9973E-05 0.956282 9.9973E-05 0.0434176
9.997E-05 9.997E-05 0.9996 9.997E-05 9.997E-05
9.9973E-05 9.9973E-05 0.315489 9.9973E-05 0.684211
9.99731E-05 0.917185 0.0825147 9.99731E-05 9.99731E-05
0.741036 0.191519 0.0672448 9.9982E-05 9.9982E-05
0.00626235 0.096843 0.00157087 0.895224 9.9991E-05
9.9973E-05 0.843775 9.9973E-05 0.155925 9.9973E-05
9.9982E-05 0.919019 0.028701 0.0520802 9.9982E-05
0.127249 0.0635556 0.330016 9.9991E-05 0.479079
0.0629043 0.894565 9.99821E-05 9.99821E-05 0.0423312
0.253544 0.746156 9.9973E-05 9.9973E-05 9.9973E-05
0.792535 0.207165 9.99731E-05 9.99731E-05 9.99731E-05
9.99731E-05 9.99731E-05 9.99731E-05 0.890894 0.108806
9.997E-05 9.997E-05 0.9996 9.997E-05 9.997E-05
9.99731E-05 9.99731E-05 9.99731E-05 0.327824 0.671876
0.989714 9.99731E-05 9.99731E-05 0.00998616 9.99731E-05
9.9973E-05 0.246163 9.9973E-05 0.753537 9.9973E-05
9.99731E-05 0.836176 9.99731E-05 0.163524 9.99731E-05
0.0734924 9.99821E-05 9.99821E-05 0.445222 0.481086
9.99731E-05 0.180489 9.99731E-05 0.819211 9.99731E-05
