0.192802 9.99821E-05 0.681745 9.99821E-05 0.125253
9.9973E-05 9.9973E-05 0.948546 9.9973E-05 0.0511544
0.561705 9.9982E-05 0.376762 9.9982E-05 0.0613329
0.169803 0.350678 0.479319 9.9982E-05 9.9982E-05
9.997E-05 9.997E-05 9.997E-05 0.9996 9.997E-05
0.0391799 0.844399 0.0568378 9.9991E-05 0.0594833
0.759375 9.9982E-05 9.9982E-05 0.0161012 0.224323
0.0334214 9.99731E-05 0.966279 9.99731E-05 9.99731E-05
9.99731E-05 0.45253 9.99731E-05 9.99731E-05 0.54717
0.00545918 9.9973E-05 9.9973E-05 0.994241 9.9973E-05
0.538787 9.99731E-05 9.99731E-05 0.460913 9.99731E-05
9.9973E-05 0.122097 0.877603 9.9973E-05 9.9973E-05
0.0831926 0.0733757 0.0807037 0.627596 0.135132
0.84362 0.0799393 9.99821E-05 0.0762409 9.99821E-05
9.99731E-05 9.99731E-05 9.99731E-05 0.900802 0.0988985
0.057806 9.99731E-05 9.99731E-05 9.99731E-05 0.941894
9.9982E-05 0.109325 0.86738 0.0230945 9.9982E-05
0.195767 0.196709 9.9991E-05 0.134608 0.472816
9.997E-05 0.9996 9.997E-05 9.997E-05 9.997E-05
9.99821E-05 0.0116939 0.0170722 9.99821E-05 0.971034
9.9982E-05 0.090581 0.0363978 9.9982E-05 0.872821
9.999E-05 0.434829 0.0383288 0.0683457 0.458396
0.0740597 9.9982E-05 9.9982E-05 0.0616595 0.864081
0.294084 0.24522 0.352438 9.9991E-05 0.108158
0.945289 0.0495444 9.9982E-05 9.9982E-05 0.00496679
9.9973E-05 9.9973E-05 9.9973E-05 0.640847 0.358853
0.350998 0.208372 0.440431 9.99821E-05 9.99821E-05
0.0259662 0.592366 9.99821E-05 0.381468 9.99821E-05
9.99732E-05 9.99732E-05 0.950096 9.99732E-05 0.0496046
9.99731E-05 0.750926 0.248774 9.99731E-05 9.99731E-05
0.9996 9.997E-05 9.997E-05 9.997E-05 9.997E-05
0.9996 9.997E-05 9.997E-05 9.997E-05 9.997E-05
0.324834 9.9973E-05 9.9973E-05 0.674866 9.9973E-05
0.0562043 0.921266 9.9982E-05 9.9982E-05 0.0223301
0.0680034 0.227309 0.704488 9.9982E-05 9.9982E-05
9.9973E-05 0.159891 9.9973E-05 9.9973E-05 0.839809
9.9973E-05 0.762916 9.9973E-05 9.9973E-05 0.236784
0.00810864 0.876417 9.9982E-05 9.9982E-05 0.115275
0.642722 0.0375912 0.0660098 0.162746 0.0909313
9.99731E-05 0.966737 9.99731E-05 0.0329635 9.99731E-05
9.9973E-05 0.856142 0.143558 9.9973E-05 9.9973E-05
9.9973E-05 0.225341 0.774359 9.9973E-05 9.9973E-05
9.99731E-05 9.99731E-05 9.99731E-05 0.0698602 0.92984
0.9996 9.997E-05 9.997E-05 9.997E-05 9.997E-05
9.99731E-05 9.99731E-05 9.99731E-05 0.741599 0.258101
9.99731E-05 9.99731E-05 0.995923 9.99731E-05 0.00377708
9.9973E-05 0.150125 9.9973E-05 9.9973E-05 0.849575
9.99731E-05 0.718582 9.99731E-05 9.99731E-05 0.281118
9.99821E-05 9.99821E-05 0.127546 0.394922 0.477333
9.9982E-05 0.307479 9.9982E-05 0.0305529 0.661768
