0.0915499 9.998E-05 0.123575 9.998E-05 0.784676
0.0535013 9.9982E-05 9.9982E-05 0.127751 0.818548
9.99731E-05 9.99731E-05 0.497687 9.99731E-05 0.502013
9.997E-05 9.997E-05 9.997E-05 0.9996 9.997E-05
0.535167 9.998E-05 0.451067 0.0135666 9.998E-05
9.998E-05 0.861559 0.0611029 9.998E-05 0.0771377
0.0556708 0.023396 0.710075 0.210758 9.999E-05
9.99731E-05 9.99731E-05 0.0273523 9.99731E-05 0.972348
0.137069 0.862631 9.99731E-05 9.99731E-05 9.99731E-05
0.317718 9.99731E-05 0.681982 9.99731E-05 9.99731E-05
0.0538546 9.99731E-05 0.945845 9.99731E-05 9.99731E-05
9.9973E-05 0.0673184 9.9973E-05 9.9973E-05 0.932382
0.416634 0.144339 0.438645 0.000281676 9.9991E-05
9.997E-05 9.997E-05 0.624052 0.375648 9.997E-05
0.66081 9.99731E-05 0.33889 9.99731E-05 9.99731E-05
0.694332 0.291939 9.99821E-05 9.99821E-05 0.0135296
9.999E-05 0.0723669 0.0147038 0.22819 0.684639
0.426273 0.422915 0.150612 9.9982E-05 9.9982E-05
9.9982E-05 0.959206 9.9982E-05 0.0239503 0.016644
0.822433 0.174992 9.9982E-05 0.00237466 9.9982E-05
0.768683 0.231017 9.99731E-05 9.99731E-05 9.99731E-05
0.242394 0.661812 9.9991E-05 0.0231354 0.0725589
0.849377 0.150323 9.9973E-05 9.9973E-05 9.9973E-05
0.193866 9.9973E-05 9.9973E-05 0.805834 9.9973E-05
9.9982E-05 0.122106 0.841359 9.9982E-05 0.0363356
0.88924 9.9973E-05 0.11046 9.9973E-05 9.9973E-05
9.997E-05 9.997E-05 9.997E-05 0.9996 9.997E-05
0.228334 0.346953 0.0253746 0.399238 9.999E-05
9.997E-05 9.997E-05 9.997E-05 9.997E-05 0.9996
9.998E-05 0.467044 9.998E-05 0.138 0.394755
9.997E-05 9.997E-05 0.972235 9.997E-05 0.027465
9.997E-05 9.997E-05 0.9996 9.997E-05 9.997E-05
0.149361 9.9973E-05 0.850339 9.9973E-05 9.9973E-05
9.9991E-05 0.835673 0.0844968 0.0573712 0.022359
9.9973E-05 9.9973E-05 9.9973E-05 0.744429 0.255271
0.598212 0.401488 9.9973E-05 9.9973E-05 9.9973E-05
0.0542774 0.945423 9.9973E-05 9.9973E-05 9.9973E-05
9.9991E-05 0.877029 0.0335398 0.0790943 0.0102373
0.0724746 0.0548781 0.648744 9.999E-05 0.223803
9.9973E-05 0.650553 9.9973E-05 0.349147 9.9973E-05
9.998E-05 0.660679 9.998E-05 0.108531 0.23059
9.9973E-05 0.0955117 9.9973E-05 9.9973E-05 0.904188
0.949842 0.0498584 9.99731E-05 9.99731E-05 9.99731E-05
9.9982E-05 0.00880288 0.927471 9.9982E-05 0.0635263
0.822405 9.99731E-05 0.177295 9.99731E-05 9.99731E-05
9.99731E-05 9.99731E-05 9.99731E-05 0.136804 0.862896
0.452366 0.547334 9.9973E-05 9.9973E-05 9.9973E-05
0.0969934 0.902707 9.997E-05 9.997E-05 9.997E-05
0.896929 9.99821E-05 0.0249012 9.99821E-05 0.0779694
0.532616 0.467084 9.9973E-05 9.9973E-05 9.9973E-05
