9.9982E-05 0.100325 0.266346 9.9982E-05 0.633129
9.997E-05 0.0504785 9.997E-05 9.997E-05 0.949222
9.998E-05 0.052427 0.644646 9.998E-05 0.302727
0.249319 9.9991E-05 0.13066 0.0435103 0.57641
0.00288913 9.9991E-05 0.0206511 0.96229 0.0140698
0.844803 9.9982E-05 0.137327 9.9982E-05 0.0176701
0.0577346 0.0780961 0.55821 0.30586 9.9991E-05
9.997E-05 9.997E-05 0.0253777 9.997E-05 0.974322
0.548246 0.451454 9.9973E-05 9.9973E-05 9.9973E-05
9.997E-05 9.997E-05 9.997E-05 0.9996 9.997E-05
9.99731E-05 9.99731E-05 0.281044 0.718656 9.99731E-05
0.123031 9.9973E-05 9.9973E-05 9.9973E-05 0.876669
0.148622 0.110395 0.143477 0.597406 9.999E-05
9.9982E-05 9.9982E-05 0.666656 0.221539 0.111605
0.0170636 0.0959362 9.9982E-05 0.8868 9.9982E-05
9.997E-05 0.929651 0.0700495 9.997E-05 9.997E-05
0.0874106 9.99731E-05 9.99731E-05 9.99731E-05 0.912289
0.22826 0.344829 0.132397 0.294415 9.9991E-05
0.982776 9.9973E-05 9.9973E-05 9.9973E-05 0.0169244
9.99731E-05 0.977746 9.99731E-05 9.99731E-05 0.0219539
0.0880455 0.8291 9.9991E-05 0.0366771 0.0460776
0.410191 0.411777 9.9991E-05 0.0191533 0.158779
9.9982E-05 0.792829 0.0383829 0.168588 9.9982E-05
0.100471 0.167873 0.12623 0.107945 0.497481
0.0435143 9.9973E-05 0.956186 9.9973E-05 9.9973E-05
9.997E-05 0.455998 9.997E-05 0.543702 9.997E-05
0.0535489 9.998E-05 0.315519 9.998E-05 0.630732
0.586045 9.9982E-05 9.9982E-05 0.384154 0.0296009
9.997E-05 9.997E-05 9.997E-05 9.997E-05 0.9996
0.647837 9.998E-05 9.998E-05 0.00819924 0.343764
9.9973E-05 9.9973E-05 0.961154 0.0385465 9.9973E-05
9.997E-05 9.997E-05 0.9996 9.997E-05 9.997E-05
9.9973E-05 9.9973E-05 0.166141 0.833559 9.9973E-05
0.902215 9.9973E-05 0.0974853 9.9973E-05 9.9973E-05
0.200177 9.9982E-05 0.0835832 9.9982E-05 0.71604
0.0472315 0.923873 0.028696 9.9982E-05 9.9982E-05
0.787544 0.212156 9.997E-05 9.997E-05 9.997E-05
0.921308 9.9982E-05 0.0747529 0.00373963 9.9982E-05
0.0826108 9.999E-05 0.228436 0.539535 0.149319
0.874222 9.99821E-05 9.99821E-05 0.0824396 0.0431386
0.83415 9.997E-05 9.997E-05 9.997E-05 0.16555
0.113084 9.9973E-05 9.9973E-05 9.9973E-05 0.886616
9.99731E-05 0.90668 9.99731E-05 0.0930196 9.99731E-05
9.997E-05 9.997E-05 0.9996 9.997E-05 9.997E-05
9.99731E-05 0.321299 9.99731E-05 0.678402 9.99731E-05
9.9982E-05 0.0359625 0.00941666 9.9982E-05 0.954421
0.171311 0.828389 9.9973E-05 9.9973E-05 9.9973E-05
0.819801 0.179899 9.99731E-05 9.99731E-05 9.99731E-05
9.998E-05 0.398922 9.998E-05 0.495287 0.105591
0.341028 0.593482 9.9982E-05 0.0652908 9.9982E-05
