9.9982E-05 0.289875 0.12521 9.9982E-05 0.584715
9.999E-05 0.0129271 0.0580557 0.0533717 0.875546
9.9982E-05 0.709656 0.000146754 9.9982E-05 0.289997
9.9982E-05 0.199689 9.9982E-05 0.250842 0.549269
0.985085 9.9973E-05 9.9973E-05 0.0146149 9.9973E-05
9.9973E-05 0.059394 9.9973E-05 0.940306 9.9973E-05
0.383877 0.488028 0.00719899 0.120796 9.9991E-05
9.9982E-05 0.0527798 0.0294434 9.9982E-05 0.917577
9.99731E-05 9.99731E-05 0.363 0.6367 9.99731E-05
0.9996 9.997E-05 9.997E-05 9.997E-05 9.997E-05
0.556671 0.443029 9.99731E-05 9.99731E-05 9.99731E-05
9.9973E-05 9.9973E-05 9.9973E-05 0.0620117 0.937688
0.536912 0.167037 0.233159 9.9991E-05 0.062792
0.188177 0.72677 9.9991E-05 0.0494824 0.0354704
0.991922 9.99731E-05 9.99731E-05 0.00777785 9.99731E-05
9.99731E-05 0.0541772 0.945523 9.99731E-05 9.99731E-05
9.99731E-05 9.99731E-05 9.99731E-05 0.0276033 0.972097
0.272124 0.123725 0.375719 0.228333 9.9991E-05
9.9973E-05 9.9973E-05 9.9973E-05 0.971168 0.0285319
9.997E-05 9.997E-05 0.9996 9.997E-05 9.997E-05
9.99731E-05 9.99731E-05 0.898898 9.99731E-05 0.100802
9.9982E-05 9.9982E-05 0.398102 0.529915 0.0717831
0.175061 9.9982E-05 0.818998 0.00574145 9.9982E-05
0.0138763 0.265522 0.14264 0.199019 0.378943
9.9982E-05 0.963824 0.020776 0.0152005 9.9982E-05
0.586497 9.9973E-05 0.413203 9.9973E-05 9.9973E-05
9.9982E-05 0.370606 9.9982E-05 0.134773 0.494421
0.296932 0.0395863 9.9991E-05 0.621903 0.0414791
9.99732E-05 9.99732E-05 0.0560264 9.99732E-05 0.943674
9.99731E-05 9.99731E-05 9.99731E-05 0.666284 0.333416
9.997E-05 0.9996 9.997E-05 9.997E-05 9.997E-05
0.0442668 0.955433 9.9973E-05 9.9973E-05 9.9973E-05
0.737926 0.240303 9.9982E-05 9.9982E-05 0.0215711
9.9982E-05 0.0961783 0.009519 0.894103 9.9982E-05
9.9982E-05 0.0885138 9.9982E-05 0.123813 0.787473
9.9982E-05 0.0223277 0.876155 0.101317 9.9982E-05
9.9973E-05 9.9973E-05 0.0786878 0.921012 9.9973E-05
9.9982E-05 0.0525152 0.0715688 0.875716 9.9982E-05
0.404987 0.389591 9.9991E-05 0.131535 0.073787
9.99731E-05 9.99731E-05 9.99731E-05 0.837305 0.162395
9.9973E-05 9.9973E-05 9.9973E-05 0.765109 0.234591
9.99731E-05 9.99731E-05 9.99731E-05 0.0773994 0.922301
0.0924057 9.99731E-05 0.907294 9.99731E-05 9.99731E-05
9.997E-05 0.9996 9.997E-05 9.997E-05 9.997E-05
0.656201 9.99731E-05 0.343499 9.99731E-05 9.99731E-05
9.99731E-05 9.99731E-05 0.000487826 9.99731E-05 0.999212
9.9973E-05 9.9973E-05 0.734011 0.265689 9.9973E-05
9.99731E-05 9.99731E-05 0.217575 0.782125 9.99731E-05
0.485702 9.99821E-05 0.398395 9.99821E-05 0.115703
0.0179403 9.99821E-05 0.698678 0.283182 9.99821E-05
