9.9982E-05 0.206496 9.9982E-05 0.710524 0.0827798
9.997E-05 9.997E-05 9.997E-05 0.924797 0.0749027
9.998E-05 0.533013 9.998E-05 0.422838 0.0439492
9.99821E-05 0.167674 0.273046 0.55908 9.99821E-05
0.915278 9.9982E-05 0.0200914 9.9982E-05 0.0644304
9.999E-05 0.0799368 0.813127 0.0701725 0.0366637
0.41591 0.462249 0.105194 9.9991E-05 0.0165475
0.0262765 9.99821E-05 9.99821E-05 0.932902 0.0406217
9.997E-05 9.997E-05 0.604684 9.997E-05 0.395016
0.9996 9.997E-05 9.997E-05 9.997E-05 9.997E-05
0.9996 9.997E-05 9.997E-05 9.997E-05 9.997E-05
9.9973E-05 9.9973E-05 0.0961193 0.903581 9.9973E-05
0.567173 0.0689245 0.128997 0.00892933 0.225976
0.0778752 0.882335 0.0395897 9.99821E-05 9.99821E-05
0.742497 9.9973E-05 9.9973E-05 9.9973E-05 0.257203
9.99731E-05 0.123699 9.99731E-05 9.99731E-05 0.876001
9.99731E-05 9.99731E-05 0.111957 0.887743 9.99731E-05
0.396893 0.0270554 0.295188 9.9991E-05 0.280765
9.9973E-05 9.9973E-05 0.991021 0.00867914 9.9973E-05
9.997E-05 9.997E-05 9.997E-05 9.997E-05 0.9996
9.99851E-05 9.99851E-05 0.128021 0.0584249 0.813354
0.0102503 9.9991E-05 0.487546 0.113573 0.388531
0.128106 0.0658028 9.9982E-05 9.9982E-05 0.805892
0.0504806 0.197122 0.0885214 0.480261 0.183615
9.9982E-05 0.922038 0.0774035 9.9982E-05 0.000358537
0.507267 9.9973E-05 9.9973E-05 9.9973E-05 0.492433
9.998E-05 0.369725 0.134813 0.495262 9.998E-05
0.354779 9.99731E-05 0.644921 9.99731E-05 9.99731E-05
9.997E-05 9.997E-05 9.997E-05 0.932817 0.0668832
9.99731E-05 9.99731E-05 0.683089 0.316611 9.99731E-05
0.00224323 0.997457 9.9973E-05 9.9973E-05 9.9973E-05
0.00439362 0.995306 9.99731E-05 9.99731E-05 9.99731E-05
0.802859 0.196841 9.9973E-05 9.9973E-05 9.9973E-05
9.997E-05 0.108495 0.891205 9.997E-05 9.997E-05
9.9982E-05 0.0771017 0.191847 0.730851 9.9982E-05
9.9991E-05 0.0550582 0.096484 0.0140755 0.834282
9.9973E-05 9.9973E-05 0.831596 9.9973E-05 0.168104
9.9982E-05 0.0501845 0.842898 9.9982E-05 0.106718
0.524429 0.170628 0.110985 0.193858 9.999E-05
9.99731E-05 9.99731E-05 0.939607 0.0600932 9.99731E-05
9.9973E-05 9.9973E-05 0.733329 0.266371 9.9973E-05
9.997E-05 9.997E-05 0.123504 0.876196 9.997E-05
9.997E-05 9.997E-05 9.997E-05 9.997E-05 0.9996
9.997E-05 0.9996 9.997E-05 9.997E-05 9.997E-05
0.630841 9.99731E-05 9.99731E-05 9.99731E-05 0.368859
9.997E-05 9.997E-05 9.997E-05 0.967671 0.032029
9.9982E-05 0.00990771 0.23813 9.9982E-05 0.751762
9.99731E-05 9.99731E-05 0.891855 9.99731E-05 0.107845
0.487479 9.999E-05 0.0557802 0.053886 0.402755
0.0209779 9.998E-05 0.364128 9.998E-05 0.614694
