0.175691 9.99821E-05 9.99821E-05 0.057021 0.767088
9.9973E-05 9.9973E-05 9.9973E-05 0.0104356 0.989264
0.54651 9.9982E-05 9.9982E-05 0.0808294 0.37246
0.13413 0.241902 0.0383165 9.9991E-05 0.585551
0.00791996 9.9982E-05 0.836322 0.155558 9.9982E-05
0.113417 0.886284 9.9973E-05 9.9973E-05 9.9973E-05
0.328871 0.0953464 0.575583 9.9982E-05 9.9982E-05
0.0316031 9.99731E-05 9.99731E-05 9.99731E-05 0.968097
9.99731E-05 0.579921 9.99731E-05 0.41978 9.99731E-05
9.997E-05 9.997E-05 0.9996 9.997E-05 9.997E-05
0.00151582 9.99731E-05 0.998184 9.99731E-05 9.99731E-05
9.9973E-05 0.0607208 9.9973E-05 9.9973E-05 0.938979
0.131771 0.0546308 0.534863 0.243641 0.0350941
0.692205 9.99821E-05 0.215663 9.99821E-05 0.0919328
9.99731E-05 9.99731E-05 0.758945 0.240755 9.99731E-05
0.111721 9.99731E-05 9.99731E-05 0.887979 9.99731E-05
0.0150594 0.0396977 9.9982E-05 9.9982E-05 0.945043
0.00449056 0.285719 0.372401 0.33729 9.9991E-05
9.997E-05 0.9996 9.997E-05 9.997E-05 9.997E-05
9.997E-05 9.997E-05 9.997E-05 0.9996 9.997E-05
9.99731E-05 0.066731 9.99731E-05 0.932969 9.99731E-05
9.999E-05 0.429306 0.00632356 0.465625 0.0986462
0.0572583 9.9982E-05 0.133672 0.808869 9.9982E-05
0.0713622 0.113787 0.145875 0.160063 0.508912
0.961163 0.0385371 9.9973E-05 9.9973E-05 9.9973E-05
9.9973E-05 9.9973E-05 0.495075 0.504625 9.9973E-05
0.267976 0.0965219 9.99821E-05 9.99821E-05 0.635302
0.0112973 0.520949 0.256174 0.127911 0.0836686
9.99732E-05 9.99732E-05 9.99732E-05 0.00364305 0.996057
9.99731E-05 0.635376 9.99731E-05 9.99731E-05 0.364324
0.810107 9.997E-05 0.189593 9.997E-05 9.997E-05
0.9996 9.997E-05 9.997E-05 9.997E-05 9.997E-05
0.127579 9.9973E-05 0.872122 9.9973E-05 9.9973E-05
0.104263 0.895437 9.9973E-05 9.9973E-05 9.9973E-05
0.0753893 0.149192 9.9982E-05 9.9982E-05 0.775218
0.0301844 0.122815 9.9982E-05 0.8468 9.9982E-05
9.9973E-05 0.871083 9.9973E-05 0.128617 9.9973E-05
9.9973E-05 0.920564 0.0791358 9.9973E-05 9.9973E-05
0.0976499 0.069498 0.656917 9.9991E-05 0.175835
9.9982E-05 0.811098 0.050841 9.9982E-05 0.137861
9.9973E-05 0.791751 9.9973E-05 9.9973E-05 0.207949
9.9973E-05 0.180246 9.9973E-05 9.9973E-05 0.819454
9.99731E-05 9.99731E-05 0.00985369 0.989846 9.99731E-05
0.9996 9.997E-05 9.997E-05 9.997E-05 9.997E-05
9.997E-05 9.997E-05 0.603414 0.396286 9.997E-05
9.997E-05 9.997E-05 9.997E-05 9.997E-05 0.9996
9.9973E-05 0.215185 9.9973E-05 0.784515 9.9973E-05
9.99731E-05 0.847886 9.99731E-05 0.151814 9.99731E-05
9.99821E-05 9.99821E-05 0.34806 0.594623 0.0571171
9.99731E-05 0.231981 9.99731E-05 0.76772 9.99731E-05
