9.9982E-05 0.139964 0.216718 0.643118 9.9982E-05
9.997E-05 0.0669969 9.997E-05 0.932703 9.997E-05
9.998E-05 0.0720027 0.521558 0.406239 9.998E-05
9.99821E-05 9.99821E-05 0.17701 0.479125 0.343665
0.927083 0.0346575 9.9991E-05 0.0292828 0.00887694
9.997E-05 9.997E-05 0.0910243 9.997E-05 0.908676
0.349602 0.0568711 0.538083 9.999E-05 0.055344
9.997E-05 0.0114037 9.997E-05 0.988296 9.997E-05
9.997E-05 0.530313 9.997E-05 9.997E-05 0.469387
0.9996 9.997E-05 9.997E-05 9.997E-05 9.997E-05
0.921746 9.99731E-05 0.0779546 9.99731E-05 9.99731E-05
9.9973E-05 9.9973E-05 9.9973E-05 0.804649 0.195051
0.581187 0.140619 0.17894 9.999E-05 0.0991544
0.127004 9.99821E-05 0.831419 9.99821E-05 0.0413775
0.851169 0.148531 9.99731E-05 9.99731E-05 9.99731E-05
9.99731E-05 0.89371 0.10599 9.99731E-05 9.99731E-05
9.99731E-05 9.99731E-05 9.99731E-05 0.87507 0.12463
0.37111 0.387495 0.0190303 9.9991E-05 0.222265
9.997E-05 9.997E-05 9.997E-05 9.997E-05 0.9996
9.99731E-05 0.984613 9.99731E-05 0.0150874 9.99731E-05
0.0348806 0.812733 9.9991E-05 0.0324354 0.119851
9.99821E-05 0.47365 9.99821E-05 0.153758 0.372391
0.142873 0.74044 0.0674891 9.9991E-05 0.0490972
0.0298188 0.189623 0.21935 0.392234 0.168974
9.9982E-05 0.0321992 0.923903 9.9982E-05 0.0436977
0.573152 0.426548 9.9973E-05 9.9973E-05 9.9973E-05
9.998E-05 9.998E-05 0.335769 0.530313 0.133717
0.328034 0.128223 9.999E-05 0.035601 0.508041
9.997E-05 0.0537353 9.997E-05 0.945965 9.997E-05
9.998E-05 9.998E-05 0.0120988 0.303768 0.683934
9.997E-05 9.997E-05 0.9996 9.997E-05 9.997E-05
9.997E-05 9.997E-05 0.9996 9.997E-05 9.997E-05
0.79469 9.9973E-05 0.20501 9.9973E-05 9.9973E-05
9.998E-05 0.0127079 0.0839589 9.998E-05 0.903133
9.9982E-05 9.9982E-05 0.0470465 0.817363 0.135391
9.998E-05 0.856518 0.0408177 9.998E-05 0.102464
9.997E-05 0.178966 9.997E-05 9.997E-05 0.820734
9.998E-05 0.0296968 0.0698469 9.998E-05 0.900256
0.500646 9.999E-05 0.260342 0.150756 0.0881567
0.0905537 9.998E-05 9.998E-05 0.00729609 0.90195
9.9973E-05 9.9973E-05 9.9973E-05 0.197855 0.801845
9.9973E-05 9.9973E-05 9.9973E-05 0.85828 0.14142
0.00431714 0.995383 9.99731E-05 9.99731E-05 9.99731E-05
9.997E-05 9.997E-05 0.9996 9.997E-05 9.997E-05
0.664212 0.335488 9.997E-05 9.997E-05 9.997E-05
9.998E-05 0.0344569 0.00984277 0.9555 9.998E-05
9.9973E-05 0.865887 9.9973E-05 9.9973E-05 0.133814
9.99731E-05 0.18578 9.99731E-05 9.99731E-05 0.81392
0.371609 0.547497 9.998E-05 0.0806935 9.998E-05
0.106589 0.625756 9.998E-05 9.998E-05 0.267454
