9.9982E-05 0.761546 9.9982E-05 0.0432869 0.194967
0.122834 0.821366 0.0124043 0.0432952 9.9991E-05
0.107115 0.39653 9.9982E-05 9.9982E-05 0.496154
0.980954 9.99731E-05 0.0187456 9.99731E-05 9.99731E-05
9.9973E-05 9.9973E-05 9.9973E-05 0.408517 0.591183
9.998E-05 0.0915468 0.874158 9.998E-05 0.0340955
0.165458 9.999E-05 0.0269059 0.0301275 0.777409
0.0344807 0.955388 9.99821E-05 9.99821E-05 0.00993125
9.99731E-05 9.99731E-05 0.87803 0.12167 9.99731E-05
9.997E-05 9.997E-05 9.997E-05 0.260566 0.739134
9.99731E-05 9.99731E-05 9.99731E-05 0.00498924 0.994711
9.9973E-05 0.910067 0.0896335 9.9973E-05 9.9973E-05
9.9991E-05 0.034517 0.0253619 0.472545 0.467476
0.29395 9.99731E-05 9.99731E-05 9.99731E-05 0.70575
9.99731E-05 9.99731E-05 9.99731E-05 0.604463 0.395237
9.99821E-05 9.99821E-05 0.175102 0.8237 0.000998268
0.215066 0.708286 0.0764473 9.9982E-05 9.9982E-05
9.999E-05 0.000611931 0.345287 0.31451 0.339491
9.9973E-05 0.112056 0.887644 9.9973E-05 9.9973E-05
0.0396625 9.99821E-05 0.0605152 0.899622 9.99821E-05
0.0823716 9.9982E-05 0.283619 0.633809 9.9982E-05
9.998E-05 0.0959541 0.605627 0.298219 9.998E-05
0.016858 9.998E-05 0.123127 0.859815 9.998E-05
0.776778 9.9991E-05 0.0325773 0.141142 0.049402
0.26684 9.998E-05 0.0243397 9.998E-05 0.708621
9.9973E-05 9.9973E-05 9.9973E-05 0.751635 0.248065
0.9996 9.997E-05 9.997E-05 9.997E-05 9.997E-05
0.17863 9.999E-05 0.524192 0.15185 0.145228
9.997E-05 0.9996 9.997E-05 9.997E-05 9.997E-05
9.99731E-05 0.328175 0.671525 9.99731E-05 9.99731E-05
9.997E-05 9.997E-05 9.997E-05 9.997E-05 0.9996
9.997E-05 9.997E-05 9.997E-05 9.997E-05 0.9996
9.9973E-05 9.9973E-05 9.9973E-05 0.0523602 0.94734
0.128387 9.998E-05 0.854902 9.998E-05 0.0165107
0.789958 0.209743 9.997E-05 9.997E-05 9.997E-05
9.9973E-05 9.9973E-05 0.31193 0.68777 9.9973E-05
9.9982E-05 0.0653656 0.80762 0.126815 9.9982E-05
9.9973E-05 9.9973E-05 0.91331 9.9973E-05 0.0863902
9.998E-05 0.128571 0.105628 9.998E-05 0.765601
0.146876 9.997E-05 0.852824 9.997E-05 9.997E-05
9.9973E-05 0.299131 0.700569 9.9973E-05 9.9973E-05
9.997E-05 0.875546 0.124154 9.997E-05 9.997E-05
9.997E-05 9.997E-05 9.997E-05 0.9996 9.997E-05
0.108255 0.0793318 9.998E-05 9.998E-05 0.812213
9.9973E-05 9.9973E-05 9.9973E-05 0.776955 0.222745
0.25548 0.74422 9.99731E-05 9.99731E-05 9.99731E-05
9.997E-05 9.997E-05 0.504644 0.495057 9.997E-05
9.99731E-05 9.99731E-05 0.971612 0.0280876 9.99731E-05
0.132436 0.0051667 9.999E-05 0.691971 0.170326
0.032958 9.999E-05 0.429633 0.523902 0.0134073
