0.161757 0.218902 9.9982E-05 9.9982E-05 0.619141
0.0714954 9.9973E-05 9.9973E-05 9.9973E-05 0.928205
0.0933728 0.548628 9.9982E-05 9.9982E-05 0.357799
9.99821E-05 0.214107 9.99821E-05 0.285234 0.500459
9.9973E-05 9.9973E-05 0.922424 9.9973E-05 0.077276
9.9973E-05 0.118002 9.9973E-05 0.881698 9.9973E-05
0.030577 0.59553 0.263835 0.109958 9.9991E-05
9.99731E-05 0.0770052 9.99731E-05 9.99731E-05 0.922695
0.514947 9.99731E-05 9.99731E-05 0.484753 9.99731E-05
9.997E-05 9.997E-05 0.9996 9.997E-05 9.997E-05
9.99731E-05 0.249464 0.750236 9.99731E-05 9.99731E-05
9.9973E-05 9.9973E-05 9.9973E-05 0.0948884 0.904812
0.147936 0.142282 0.577251 0.105756 0.0267755
9.99821E-05 0.725606 0.206238 9.99821E-05 0.0679563
0.108492 9.9973E-05 0.891208 9.9973E-05 9.9973E-05
0.878461 0.108752 9.99821E-05 9.99821E-05 0.0125868
9.99731E-05 9.99731E-05 9.99731E-05 0.0878345 0.911866
0.211483 0.0198925 0.455725 0.3128 9.9991E-05
9.9973E-05 9.9973E-05 9.9973E-05 0.977322 0.0223779
0.9996 9.997E-05 9.997E-05 9.997E-05 9.997E-05
0.81105 9.99821E-05 0.02625 0.1625 9.99821E-05
0.478021 9.9982E-05 9.9982E-05 0.362075 0.159704
0.87659 0.0162939 0.106917 9.9982E-05 9.9982E-05
0.241944 0.178744 0.025557 0.048711 0.505044
0.00157371 0.954605 9.9982E-05 0.0436213 9.9982E-05
0.435658 9.9973E-05 0.564042 9.9973E-05 9.9973E-05
9.9982E-05 0.374204 9.9982E-05 0.058852 0.566744
0.0676232 0.0629887 0.286439 0.582849 9.9991E-05
0.0268338 9.99732E-05 9.99732E-05 9.99732E-05 0.972866
9.99731E-05 9.99731E-05 9.99731E-05 0.561055 0.438645
9.997E-05 0.9996 9.997E-05 9.997E-05 9.997E-05
9.997E-05 0.9996 9.997E-05 9.997E-05 9.997E-05
9.9973E-05 0.337639 0.662061 9.9973E-05 9.9973E-05
9.9973E-05 0.0614699 9.9973E-05 0.93823 9.9973E-05
9.9982E-05 0.0880654 9.9982E-05 0.0726548 0.83908
0.876155 0.0334458 9.9982E-05 0.0901989 9.9982E-05
0.103269 9.9973E-05 9.9973E-05 0.896431 9.9973E-05
9.9982E-05 0.00913119 0.0823357 0.908333 9.9982E-05
9.9991E-05 0.314864 0.472068 0.207575 0.00539361
9.99821E-05 9.99821E-05 0.0257694 0.848 0.126031
9.9973E-05 9.9973E-05 9.9973E-05 0.79885 0.20085
9.9973E-05 9.9973E-05 9.9973E-05 0.137895 0.861805
0.964618 9.99821E-05 0.0343263 9.99821E-05 0.000855874
9.9973E-05 0.997388 9.9973E-05 9.9973E-05 0.00231208
0.286551 9.99731E-05 0.713149 9.99731E-05 9.99731E-05
0.0115609 9.99731E-05 9.99731E-05 9.99731E-05 0.988139
0.780353 9.9973E-05 9.9973E-05 0.219347 9.9973E-05
0.194273 9.99731E-05 9.99731E-05 0.805427 9.99731E-05
0.403659 9.99821E-05 0.509339 9.99821E-05 0.0868019
0.740755 9.9982E-05 0.00302965 0.256016 9.9982E-05
