9.9982E-05 0.748343 0.195478 0.0559788 9.9982E-05
9.997E-05 0.9996 9.997E-05 9.997E-05 9.997E-05
9.9973E-05 0.451634 0.548066 9.9973E-05 9.9973E-05
9.99731E-05 0.00335119 9.99731E-05 9.99731E-05 0.996349
9.998E-05 9.998E-05 0.458953 0.476039 0.0648081
0.853085 0.117024 0.0296905 9.9982E-05 9.9982E-05
0.0778165 9.9991E-05 0.842437 0.0686344 0.0110123
9.9982E-05 0.954211 0.0416229 9.9982E-05 0.00396637
0.879215 9.99731E-05 9.99731E-05 0.120485 9.99731E-05
9.9973E-05 9.9973E-05 0.605969 0.393731 9.9973E-05
9.997E-05 9.997E-05 0.890871 0.108829 9.997E-05
0.0550121 0.838447 9.9982E-05 9.9982E-05 0.106341
0.135975 9.9982E-05 0.390272 0.473553 9.9982E-05
9.99731E-05 9.99731E-05 0.824921 9.99731E-05 0.174779
9.9973E-05 9.9973E-05 0.311352 0.688348 9.9973E-05
0.306428 0.00634381 9.99821E-05 0.687028 9.99821E-05
9.99731E-05 0.601591 9.99731E-05 9.99731E-05 0.398109
0.370899 9.9982E-05 0.236002 0.392899 9.9982E-05
0.867765 0.131935 9.9973E-05 9.9973E-05 9.9973E-05
0.144982 9.9982E-05 9.9982E-05 0.813189 0.0416281
0.313913 0.0655753 9.9982E-05 0.620312 9.9982E-05
0.580749 0.101728 9.9991E-05 0.280012 0.0374114
0.0903162 0.0427669 0.00194402 0.864873 9.9991E-05
0.0256516 0.144722 0.0350507 0.192748 0.601827
0.0119699 9.9982E-05 0.838434 9.9982E-05 0.149396
9.9973E-05 9.9973E-05 0.179841 0.819859 9.9973E-05
9.997E-05 9.997E-05 9.997E-05 9.997E-05 0.9996
0.427192 9.999E-05 0.097726 0.151102 0.323879
9.997E-05 0.9996 9.997E-05 9.997E-05 9.997E-05
0.437123 9.99731E-05 9.99731E-05 9.99731E-05 0.562577
9.9973E-05 0.000722991 0.998977 9.9973E-05 9.9973E-05
9.997E-05 9.997E-05 0.9996 9.997E-05 9.997E-05
9.9973E-05 9.9973E-05 0.859483 0.140217 9.9973E-05
0.928233 9.9973E-05 0.0714675 9.9973E-05 9.9973E-05
9.997E-05 9.997E-05 9.997E-05 9.997E-05 0.9996
0.386996 0.0180571 9.9982E-05 0.594747 9.9982E-05
0.981049 9.9982E-05 9.9982E-05 0.00341551 0.0153359
0.836912 0.0921528 0.0707355 9.9982E-05 9.9982E-05
0.166591 0.0295178 0.80192 0.00187154 9.999E-05
0.650656 9.99731E-05 9.99731E-05 9.99731E-05 0.349044
0.629808 0.224696 9.9982E-05 9.9982E-05 0.145296
0.0712478 0.84966 9.9982E-05 9.9982E-05 0.0788924
0.0469319 9.99731E-05 9.99731E-05 0.952768 9.99731E-05
9.9982E-05 0.0490984 0.946196 9.9982E-05 0.00450511
9.9973E-05 9.9973E-05 0.186512 0.813188 9.9973E-05
9.9982E-05 0.909961 9.9982E-05 0.030203 0.0596362
0.548502 9.9973E-05 9.9973E-05 0.451198 9.9973E-05
0.9996 9.997E-05 9.997E-05 9.997E-05 9.997E-05
9.99731E-05 9.99731E-05 9.99731E-05 0.775996 0.223704
0.529923 9.998E-05 9.998E-05 0.424367 0.0455099
