9.99821E-05 0.248915 0.655581 0.0953041 9.99821E-05
9.9973E-05 9.9973E-05 0.915329 0.0843712 9.9973E-05
9.9982E-05 0.478751 0.499441 0.0216072 9.9982E-05
9.9982E-05 0.144409 0.52155 9.9982E-05 0.333841
0.9996 9.997E-05 9.997E-05 9.997E-05 9.997E-05
9.9973E-05 0.0804429 9.9973E-05 9.9973E-05 0.919257
0.241622 0.610344 9.9991E-05 0.0996196 0.0483142
9.997E-05 9.997E-05 0.9996 9.997E-05 9.997E-05
9.997E-05 9.997E-05 9.997E-05 0.492449 0.507251
0.959493 0.0402074 9.9973E-05 9.9973E-05 9.9973E-05
0.535348 0.464352 9.99731E-05 9.99731E-05 9.99731E-05
9.9973E-05 9.9973E-05 0.933575 9.9973E-05 0.0661251
0.35965 0.345519 9.9991E-05 0.271202 0.023529
0.150975 0.79052 0.0509206 9.9991E-05 0.00748425
0.999568 9.99731E-05 9.99731E-05 0.000132465 9.99731E-05
9.99731E-05 0.118129 9.99731E-05 0.881571 9.99731E-05
9.9973E-05 9.9973E-05 0.835322 9.9973E-05 0.164378
0.298984 0.0608638 9.9991E-05 0.384851 0.255202
9.997E-05 9.997E-05 9.997E-05 9.997E-05 0.9996
0.0646757 9.99731E-05 9.99731E-05 0.935024 9.99731E-05
0.0118853 9.99821E-05 0.0605901 0.927325 9.99821E-05
0.0244273 9.9991E-05 0.0913316 0.480262 0.40388
0.196235 0.0681087 9.9982E-05 0.735456 9.9982E-05
0.11058 0.216222 0.383081 0.139938 0.15018
9.9982E-05 0.882925 9.9982E-05 0.0502856 0.0665893
0.74907 9.9973E-05 9.9973E-05 0.25063 9.9973E-05
9.9982E-05 0.27725 0.546007 9.9982E-05 0.176543
0.206048 0.0935242 9.999E-05 0.0941694 0.606159
9.997E-05 9.997E-05 0.973996 0.0257037 9.997E-05
9.99731E-05 9.99731E-05 0.282639 9.99731E-05 0.717061
9.997E-05 0.9996 9.997E-05 9.997E-05 9.997E-05
9.997E-05 0.9996 9.997E-05 9.997E-05 9.997E-05
0.665329 0.334371 9.9973E-05 9.9973E-05 9.9973E-05
9.9982E-05 0.0422754 9.9982E-05 0.0552618 0.902263
9.9982E-05 0.0520112 0.811639 9.9982E-05 0.136149
9.9973E-05 9.9973E-05 0.00386899 0.995831 9.9973E-05
9.9973E-05 9.9973E-05 9.9973E-05 0.203735 0.795965
9.998E-05 0.0503523 9.998E-05 0.0031082 0.94634
0.434248 0.357615 0.141425 0.0400944 0.0266186
0.0424446 9.99821E-05 0.0896663 9.99821E-05 0.867689
9.997E-05 9.997E-05 0.262562 9.997E-05 0.737138
9.997E-05 9.997E-05 0.832625 9.997E-05 0.167075
0.0923275 9.99731E-05 9.99731E-05 0.907373 9.99731E-05
9.9973E-05 0.951138 0.0485623 9.9973E-05 9.9973E-05
0.7442 9.99731E-05 9.99731E-05 0.2555 9.99731E-05
9.997E-05 9.997E-05 0.95618 0.0435202 9.997E-05
9.9973E-05 9.9973E-05 9.9973E-05 0.935538 0.0641624
9.99731E-05 9.99731E-05 9.99731E-05 0.202031 0.797669
0.620796 9.9991E-05 0.107833 0.269966 0.0013049
0.0868194 9.998E-05 9.998E-05 0.733136 0.179844
