9.99821E-05 9.99821E-05 0.219972 0.716714 0.0631143
9.9973E-05 9.9973E-05 9.9973E-05 0.966344 0.0333556
9.9982E-05 9.9982E-05 0.5104 0.432438 0.056962
9.99821E-05 0.275366 0.144493 0.579941 9.99821E-05
0.791712 9.9973E-05 0.207988 9.9973E-05 9.9973E-05
9.9982E-05 0.893243 0.0899963 9.9982E-05 0.016561
0.0141929 0.0109846 0.817311 9.9991E-05 0.157411
9.998E-05 9.998E-05 0.0399025 0.895069 0.0648287
9.9973E-05 0.503791 9.9973E-05 9.9973E-05 0.495909
0.749917 9.9973E-05 0.249783 9.9973E-05 9.9973E-05
0.293079 9.99731E-05 0.706621 9.99731E-05 9.99731E-05
9.9973E-05 0.0972377 9.9973E-05 0.902462 9.9973E-05
0.62299 0.109652 0.240152 0.0198809 0.00732595
9.998E-05 0.0675531 0.897981 0.0342659 9.998E-05
0.9996 9.997E-05 9.997E-05 9.997E-05 9.997E-05
9.99731E-05 9.99731E-05 0.0442365 9.99731E-05 0.955464
9.9973E-05 0.0776245 9.9973E-05 0.922076 9.9973E-05
0.260819 0.233417 0.107311 9.9991E-05 0.398353
9.997E-05 0.9996 9.997E-05 9.997E-05 9.997E-05
0.0143233 9.99731E-05 9.99731E-05 9.99731E-05 0.985377
0.165521 0.172363 9.99821E-05 9.99821E-05 0.661915
9.9982E-05 0.459926 9.9982E-05 0.121949 0.417925
0.313569 9.9973E-05 9.9973E-05 9.9973E-05 0.686131
9.999E-05 0.11432 0.291087 0.393933 0.20056
9.9973E-05 0.113278 0.886422 9.9973E-05 9.9973E-05
0.826069 9.9973E-05 9.9973E-05 9.9973E-05 0.173631
9.998E-05 0.0496954 0.334735 0.615369 9.998E-05
0.234118 0.607802 0.15788 9.9982E-05 9.9982E-05
0.0294373 9.998E-05 9.998E-05 0.949406 0.0209565
9.99731E-05 0.648688 9.99731E-05 0.351012 9.99731E-05
9.99731E-05 9.99731E-05 0.982575 0.0171251 9.99731E-05
9.997E-05 9.997E-05 0.9996 9.997E-05 9.997E-05
0.355187 9.997E-05 0.644513 9.997E-05 9.997E-05
9.99731E-05 0.937754 0.0619465 9.99731E-05 9.99731E-05
9.998E-05 0.166232 0.04906 0.784508 9.998E-05
9.997E-05 9.997E-05 9.997E-05 9.997E-05 0.9996
9.9973E-05 0.807475 9.9973E-05 9.9973E-05 0.192226
0.0249791 0.939004 0.0358165 9.9982E-05 9.9982E-05
0.187868 0.0517859 0.664967 0.0952798 9.9991E-05
0.063392 0.852159 9.99821E-05 0.0842488 9.99821E-05
9.997E-05 0.792208 9.997E-05 0.207492 9.997E-05
9.9973E-05 0.215201 9.9973E-05 0.784499 9.9973E-05
0.410736 9.99731E-05 9.99731E-05 9.99731E-05 0.588964
9.9973E-05 9.9973E-05 0.992819 0.00688102 9.9973E-05
0.9996 9.997E-05 9.997E-05 9.997E-05 9.997E-05
9.99731E-05 9.99731E-05 9.99731E-05 0.974364 0.0253359
9.9973E-05 0.1554 9.9973E-05 9.9973E-05 0.8443
9.99731E-05 0.824737 9.99731E-05 9.99731E-05 0.174963
0.768893 0.0930692 9.9991E-05 0.064066 0.0738721
0.0523252 0.250315 9.998E-05 9.998E-05 0.69716
