0.0637152 9.9982E-05 0.193268 9.9982E-05 0.742816
9.9973E-05 9.9973E-05 9.9973E-05 0.207613 0.792087
9.998E-05 9.998E-05 0.497759 0.10175 0.400292
9.99731E-05 0.0273039 9.99731E-05 0.972396 9.99731E-05
0.351728 9.9973E-05 0.647972 9.9973E-05 9.9973E-05
9.9973E-05 0.898018 0.101682 9.9973E-05 9.9973E-05
0.0657737 0.0392884 0.726466 0.168372 9.999E-05
9.997E-05 9.997E-05 0.07707 9.997E-05 0.92263
0.286486 0.713214 9.99731E-05 9.99731E-05 9.99731E-05
0.249483 9.9973E-05 0.750217 9.9973E-05 9.9973E-05
9.997E-05 9.997E-05 0.9996 9.997E-05 9.997E-05
9.9973E-05 0.0656121 9.9973E-05 9.9973E-05 0.934088
0.413378 0.0687784 0.491805 0.0259382 9.999E-05
9.99731E-05 9.99731E-05 0.761566 0.238134 9.99731E-05
0.563705 9.99731E-05 0.435995 9.99731E-05 9.99731E-05
0.846969 0.152731 9.99731E-05 9.99731E-05 9.99731E-05
9.9973E-05 9.9973E-05 9.9973E-05 0.128336 0.871364
0.384914 0.345815 0.269071 9.9982E-05 9.9982E-05
9.9973E-05 0.939838 9.9973E-05 9.9973E-05 0.0598624
0.833446 0.0841512 9.9982E-05 0.0822029 9.9982E-05
0.724521 0.215633 9.998E-05 9.998E-05 0.0596463
0.286836 0.47229 9.9982E-05 9.9982E-05 0.240674
0.899827 0.0998735 9.9973E-05 9.9973E-05 9.9973E-05
0.144904 9.9973E-05 9.9973E-05 0.854796 9.9973E-05
9.9977E-05 9.9977E-05 0.733594 0.266106 9.9977E-05
0.754336 9.9973E-05 0.245364 9.9973E-05 9.9973E-05
9.997E-05 9.997E-05 9.997E-05 0.9996 9.997E-05
0.0956282 0.657535 0.246637 9.99821E-05 9.99821E-05
9.997E-05 9.997E-05 9.997E-05 9.997E-05 0.9996
9.998E-05 0.680614 9.998E-05 0.00646089 0.312725
9.9973E-05 9.9973E-05 0.950383 9.9973E-05 0.0493172
9.997E-05 9.997E-05 0.9996 9.997E-05 9.997E-05
0.0948958 9.9973E-05 0.904804 9.9973E-05 9.9973E-05
9.9982E-05 0.89601 0.0667087 0.0370809 9.9982E-05
9.9982E-05 0.0539316 9.9982E-05 0.729167 0.216701
0.717447 0.282253 9.9973E-05 9.9973E-05 9.9973E-05
0.102034 0.897666 9.9973E-05 9.9973E-05 9.9973E-05
9.998E-05 0.942815 0.0424944 0.0144909 9.998E-05
9.99821E-05 0.135378 0.796946 9.99821E-05 0.0674768
9.99731E-05 0.757885 9.99731E-05 0.241815 9.99731E-05
9.9973E-05 0.689093 9.9973E-05 9.9973E-05 0.310607
9.997E-05 0.0999938 9.997E-05 9.997E-05 0.899706
0.9996 9.997E-05 9.997E-05 9.997E-05 9.997E-05
9.9973E-05 9.9973E-05 0.904379 0.0953211 9.9973E-05
0.716495 9.9973E-05 0.283205 9.9973E-05 9.9973E-05
9.99821E-05 0.00848699 9.99821E-05 0.054838 0.936475
0.640579 0.359121 9.9973E-05 9.9973E-05 9.9973E-05
0.10276 0.89694 9.99731E-05 9.99731E-05 9.99731E-05
0.705859 9.99821E-05 0.0733354 0.220606 9.99821E-05
0.594425 0.378469 9.998E-05 9.998E-05 0.0269058
