9.99821E-05 0.779626 0.0236264 9.99821E-05 0.196548
9.9973E-05 0.887207 9.9973E-05 0.112493 9.9973E-05
9.9973E-05 0.542039 9.9973E-05 9.9973E-05 0.457661
0.0461472 9.99731E-05 9.99731E-05 0.953553 9.99731E-05
9.9973E-05 9.9973E-05 0.555557 9.9973E-05 0.444143
0.827398 0.0955107 9.9982E-05 9.9982E-05 0.0768915
0.052049 9.9991E-05 0.0785918 0.105639 0.763621
9.9982E-05 0.82262 9.9982E-05 0.101212 0.0759684
0.926347 9.99731E-05 0.0733536 9.99731E-05 9.99731E-05
9.997E-05 9.997E-05 0.34946 9.997E-05 0.65024
9.997E-05 9.997E-05 0.0868283 9.997E-05 0.912872
0.00245966 0.952561 9.9982E-05 0.0447795 9.9982E-05
0.0961848 0.01549 0.458685 9.9991E-05 0.42954
0.000269384 9.9982E-05 9.9982E-05 0.139861 0.85967
9.9973E-05 9.9973E-05 0.715029 9.9973E-05 0.284671
0.196059 0.0171925 0.786548 9.9982E-05 9.9982E-05
9.99731E-05 0.705347 9.99731E-05 0.294353 9.99731E-05
0.287595 9.9982E-05 0.381526 9.9982E-05 0.330679
0.885944 0.108718 9.9982E-05 0.00513803 9.9982E-05
0.173935 9.9982E-05 0.771698 0.0541672 9.9982E-05
0.300373 9.9982E-05 0.679864 0.0195634 9.9982E-05
0.543118 0.236489 0.220192 9.9982E-05 9.9982E-05
0.090556 0.0224233 0.886821 9.9982E-05 9.9982E-05
9.9982E-05 9.9982E-05 0.133416 0.84333 0.0230539
9.99731E-05 9.99731E-05 9.99731E-05 0.225329 0.774371
9.9973E-05 9.9973E-05 0.838184 9.9973E-05 0.161516
9.997E-05 9.997E-05 9.997E-05 0.9996 9.997E-05
0.496689 9.999E-05 0.227065 0.122527 0.15362
9.997E-05 0.9996 9.997E-05 9.997E-05 9.997E-05
0.574288 0.183304 9.998E-05 0.242208 9.998E-05
9.9973E-05 0.0370202 9.9973E-05 9.9973E-05 0.96268
9.997E-05 9.997E-05 9.997E-05 9.997E-05 0.9996
9.9973E-05 9.9973E-05 0.201443 9.9973E-05 0.798257
0.923053 9.9973E-05 9.9973E-05 9.9973E-05 0.0766467
9.997E-05 0.0992573 9.997E-05 0.900443 9.997E-05
0.384442 9.9973E-05 0.615259 9.9973E-05 9.9973E-05
0.910424 0.0331969 0.0518405 0.00443849 9.9991E-05
0.92453 0.0198554 9.9991E-05 0.0228853 0.0326297
0.165821 0.0210085 0.0541183 9.9991E-05 0.758953
0.757989 9.99731E-05 9.99731E-05 0.241711 9.99731E-05
0.670424 0.329276 9.9973E-05 9.9973E-05 9.9973E-05
0.0578042 0.941896 9.99731E-05 9.99731E-05 9.99731E-05
0.109318 9.9973E-05 0.890382 9.9973E-05 9.9973E-05
9.997E-05 9.997E-05 9.997E-05 0.0592538 0.940446
9.99731E-05 9.99731E-05 0.798203 9.99731E-05 0.201497
9.99731E-05 0.864192 9.99731E-05 0.135508 9.99731E-05
0.487511 9.9973E-05 0.512189 9.9973E-05 9.9973E-05
0.907891 9.99731E-05 0.0918095 9.99731E-05 9.99731E-05
9.99731E-05 9.99731E-05 0.779581 0.220119 9.99731E-05
0.447695 9.99731E-05 0.552005 9.99731E-05 9.99731E-05
