0.608199 0.0954774 9.998E-05 9.998E-05 0.296124
0.896916 0.102784 9.9973E-05 9.9973E-05 9.9973E-05
0.393279 0.0228016 9.9982E-05 9.9982E-05 0.58372
0.535057 9.99821E-05 9.99821E-05 0.295461 0.169282
0.0216031 9.9973E-05 0.978097 9.9973E-05 9.9973E-05
0.0408142 0.00531663 9.9991E-05 0.888568 0.0652013
9.9982E-05 9.9982E-05 0.38653 0.061834 0.551436
0.946126 0.0191543 9.9982E-05 9.9982E-05 0.0345202
9.99731E-05 0.459514 9.99731E-05 0.540186 9.99731E-05
9.997E-05 9.997E-05 0.9996 9.997E-05 9.997E-05
9.99731E-05 9.99731E-05 0.562714 9.99731E-05 0.436986
0.875777 9.9973E-05 9.9973E-05 0.123924 9.9973E-05
9.9991E-05 0.192851 0.526508 0.0856063 0.194935
0.0756177 9.9991E-05 0.0886029 0.051612 0.784067
9.997E-05 0.0650981 0.934602 9.997E-05 9.997E-05
9.99731E-05 0.883998 9.99731E-05 9.99731E-05 0.115702
0.790798 9.9991E-05 0.0128132 0.175576 0.0207127
9.999E-05 0.269313 0.356781 0.314691 0.0591159
9.997E-05 9.997E-05 9.997E-05 0.9996 9.997E-05
9.99731E-05 0.984259 0.0154412 9.99731E-05 9.99731E-05
0.0715426 0.854093 0.0406084 0.0336561 9.9991E-05
0.121712 0.384319 0.0184481 0.475421 9.9991E-05
9.9982E-05 0.836801 0.0931458 9.9982E-05 0.0698529
0.473269 0.229115 0.0654113 0.0968258 0.13538
9.9973E-05 9.9973E-05 9.9973E-05 0.0805605 0.91914
9.9973E-05 0.353644 0.646057 9.9973E-05 9.9973E-05
0.526908 9.9982E-05 9.9982E-05 0.131806 0.341085
9.99821E-05 9.99821E-05 0.243865 0.637826 0.118109
0.985307 0.0143933 9.99732E-05 9.99732E-05 9.99732E-05
0.30023 9.99731E-05 9.99731E-05 0.699471 9.99731E-05
9.99731E-05 9.99731E-05 0.0103462 9.99731E-05 0.989354
9.997E-05 9.997E-05 9.997E-05 9.997E-05 0.9996
9.9973E-05 9.9973E-05 0.692263 9.9973E-05 0.307437
9.9982E-05 9.9982E-05 0.0314631 0.895444 0.0728934
0.718873 9.9991E-05 0.0106128 0.247805 0.0226096
9.99731E-05 0.945375 9.99731E-05 0.0543246 9.99731E-05
9.997E-05 0.173665 9.997E-05 0.826035 9.997E-05
9.9982E-05 0.0576669 9.9982E-05 0.894917 0.0472161
0.170311 9.9991E-05 0.345683 0.0543125 0.429593
0.0298844 9.99821E-05 0.0200297 0.949886 9.99821E-05
0.172229 9.997E-05 9.997E-05 0.827471 9.997E-05
0.818824 9.997E-05 9.997E-05 0.180876 9.997E-05
9.99731E-05 0.969548 0.0301516 9.99731E-05 9.99731E-05
9.997E-05 9.997E-05 9.997E-05 9.997E-05 0.9996
9.997E-05 0.282743 0.716957 9.997E-05 9.997E-05
0.983479 0.0162208 9.99731E-05 9.99731E-05 9.99731E-05
9.9973E-05 0.764541 9.9973E-05 0.235159 9.9973E-05
9.997E-05 0.193054 9.997E-05 0.806646 9.997E-05
0.0859923 0.443217 0.470591 9.998E-05 9.998E-05
9.9982E-05 0.670981 0.0402762 0.288543 9.9982E-05
