9.9982E-05 0.241198 0.69059 9.9982E-05 0.0680118
9.99731E-05 9.99731E-05 0.986725 9.99731E-05 0.0129752
9.9973E-05 0.635382 0.364319 9.9973E-05 9.9973E-05
0.9996 9.997E-05 9.997E-05 9.997E-05 9.997E-05
0.0604473 0.168077 9.9982E-05 0.771276 9.9982E-05
0.18504 0.0242721 0.136493 9.9991E-05 0.654095
0.0317027 0.779267 9.9991E-05 0.127069 0.0618617
9.99731E-05 0.0768661 0.922834 9.99731E-05 9.99731E-05
9.997E-05 9.997E-05 9.997E-05 9.997E-05 0.9996
9.99731E-05 0.257527 9.99731E-05 0.742173 9.99731E-05
9.99731E-05 0.627515 9.99731E-05 0.372185 9.99731E-05
0.0138323 9.9973E-05 0.985868 9.9973E-05 9.9973E-05
9.9991E-05 0.279528 0.0494488 0.551008 0.119916
0.201499 0.776603 9.9982E-05 9.9982E-05 0.021699
9.99731E-05 0.00226384 9.99731E-05 0.997436 9.99731E-05
9.99821E-05 0.104115 9.99821E-05 0.295896 0.599789
0.318367 9.9973E-05 0.681333 9.9973E-05 9.9973E-05
9.9982E-05 0.282873 9.9982E-05 0.266333 0.450593
0.401141 9.998E-05 0.031443 9.998E-05 0.567216
9.99731E-05 9.99731E-05 9.99731E-05 0.447572 0.552128
9.9973E-05 9.9973E-05 9.9973E-05 0.397883 0.601817
9.99821E-05 9.99821E-05 0.222784 0.144051 0.632965
9.9982E-05 9.9982E-05 0.0181809 0.510969 0.47065
0.865893 0.0180353 9.9982E-05 0.115872 9.9982E-05
0.0899617 0.878935 9.9982E-05 9.9982E-05 0.0309038
9.9982E-05 9.9982E-05 0.00695661 0.935216 0.0576275
0.890207 0.109494 9.9973E-05 9.9973E-05 9.9973E-05
0.161014 0.142147 9.9991E-05 0.0960284 0.600711
9.997E-05 9.997E-05 0.9996 9.997E-05 9.997E-05
0.315688 9.99821E-05 0.228289 9.99821E-05 0.455824
9.997E-05 0.9996 9.997E-05 9.997E-05 9.997E-05
9.997E-05 0.9996 9.997E-05 9.997E-05 9.997E-05
9.9973E-05 0.617067 9.9973E-05 0.382633 9.9973E-05
0.27993 9.9982E-05 0.0276152 9.9982E-05 0.692255
0.782427 9.9973E-05 0.217273 9.9973E-05 9.9973E-05
9.9973E-05 9.9973E-05 9.9973E-05 0.233467 0.766233
0.135633 9.9982E-05 0.101017 9.9982E-05 0.76315
0.319822 9.9982E-05 0.0142764 9.9982E-05 0.665702
9.9991E-05 0.691512 0.115859 0.0937495 0.0987795
0.580246 9.9973E-05 9.9973E-05 9.9973E-05 0.419454
0.142625 9.998E-05 0.341863 9.998E-05 0.515312
0.0203699 9.99731E-05 0.97933 9.99731E-05 9.99731E-05
9.99731E-05 9.99731E-05 9.99731E-05 0.618461 0.381239
9.9973E-05 0.94058 0.0591205 9.9973E-05 9.9973E-05
0.0327657 9.99731E-05 9.99731E-05 0.966934 9.99731E-05
9.997E-05 9.997E-05 0.9996 9.997E-05 9.997E-05
9.9973E-05 9.9973E-05 9.9973E-05 0.101639 0.898061
0.0272851 9.99731E-05 9.99731E-05 9.99731E-05 0.972415
0.0760823 9.9991E-05 0.0361665 0.773832 0.11382
9.997E-05 9.997E-05 9.997E-05 0.273586 0.726114
