0.775457 0.0855717 9.9991E-05 0.138872
0.965746 9.9982E-05 9.9982E-05 0.0340538
0.501666 0.498134 9.9982E-05 9.9982E-05
0.644806 0.156413 0.198681 9.9991E-05
9.9982E-05 0.758515 9.9982E-05 0.241285
9.9982E-05 0.0938185 0.905982 9.9982E-05
9.9982E-05 0.864711 0.135089 9.9982E-05
0.992614 0.00718612 9.99821E-05 9.99821E-05
9.9982E-05 9.9982E-05 0.693506 0.306294
9.9982E-05 0.809536 9.9982E-05 0.190264
9.99821E-05 0.993015 9.99821E-05 0.00678511
0.908524 9.9982E-05 0.091276 9.9982E-05
9.9991E-05 0.514296 0.117651 0.367953
0.144967 0.854833 9.9982E-05 9.9982E-05
9.9982E-05 0.488347 9.9982E-05 0.511453
9.9982E-05 9.9982E-05 0.0912437 0.908556
0.906684 9.9982E-05 0.0931158 9.9982E-05
9.9991E-05 0.261396 0.328769 0.409735
0.00508948 9.9982E-05 0.994711 9.9982E-05
9.9982E-05 9.9982E-05 0.171841 0.827959
0.0686349 9.9991E-05 0.142063 0.789202
0.0698037 0.00959816 0.676643 0.243955
0.0285155 0.0316706 0.0146984 0.925116
0.531866 0.197556 0.0642026 0.206375
0.190314 0.809418 0.000168655 9.9991E-05
9.9982E-05 0.275991 9.9982E-05 0.723809
0.661152 0.286687 0.0520606 9.9991E-05
9.9991E-05 0.257365 0.587155 0.155379
0.960663 9.99821E-05 9.99821E-05 0.0391371
0.325526 9.99821E-05 0.674274 9.99821E-05
0.0971092 0.902691 9.9982E-05 9.9982E-05
9.998E-05 0.9997 9.998E-05 9.998E-05
9.9982E-05 0.953399 9.9982E-05 0.0464014
9.9982E-05 0.0781028 0.921697 9.9982E-05
0.764041 0.0723217 0.163537 9.9991E-05
9.9982E-05 9.9982E-05 0.298118 0.701682
9.9982E-05 9.9982E-05 0.851999 0.147801
9.9982E-05 0.0539862 0.945814 9.9982E-05
0.118735 0.727726 0.13948 0.0140598
0.0798183 9.99821E-05 0.919982 9.99821E-05
0.305986 9.9982E-05 0.693814 9.9982E-05
0.856684 9.9982E-05 0.143116 9.9982E-05
9.998E-05 9.998E-05 9.998E-05 0.9997
0.123569 0.876231 9.9982E-05 9.9982E-05
9.9982E-05 0.346205 9.9982E-05 0.653595
0.997632 9.99821E-05 9.99821E-05 0.00216827
9.9982E-05 9.9982E-05 0.318093 0.681707
9.99821E-05 9.99821E-05 0.901129 0.0986706
0.0556832 0.203094 9.9991E-05 0.741122
9.9991E-05 0.0140219 0.361365 0.624513
