9.9991E-05 0.740056 0.177262 0.082582
9.9982E-05 0.950809 9.9982E-05 0.0489912
9.9982E-05 0.566467 0.433333 9.9982E-05
0.278718 0.54406 0.177122 9.9991E-05
9.9982E-05 9.9982E-05 0.774991 0.224809
0.939753 9.9982E-05 0.0600467 9.9982E-05
0.0945322 0.0231715 0.843751 0.038545
9.9982E-05 0.997231 0.00256947 9.9982E-05
0.666985 9.9982E-05 9.9982E-05 0.332815
9.9982E-05 9.9982E-05 0.899643 0.100157
9.998E-05 9.998E-05 0.9997 9.998E-05
0.1122 0.8876 9.9982E-05 9.9982E-05
0.104586 9.9991E-05 0.587643 0.307671
0.0149901 0.156067 0.828843 9.9991E-05
9.99821E-05 9.99821E-05 0.590728 0.409072
0.0451522 0.00993054 0.0399264 0.904991
0.145348 0.854452 9.9982E-05 9.9982E-05
0.276478 9.9991E-05 0.285517 0.437905
0.978092 0.0217079 9.9982E-05 9.9982E-05
9.998E-05 9.998E-05 9.998E-05 0.9997
0.018266 0.106208 9.9991E-05 0.875426
0.534317 0.057982 9.9991E-05 0.407601
0.00686417 0.00788496 0.155913 0.829338
0.0708663 0.428763 0.294416 0.205955
0.122224 0.105877 0.7718 9.9991E-05
9.9982E-05 9.9982E-05 0.392837 0.606963
0.146327 0.655506 0.198067 9.9991E-05
0.611192 9.9991E-05 0.27026 0.118447
9.99821E-05 0.936243 9.99821E-05 0.0635574
0.714727 0.285073 9.99821E-05 9.99821E-05
9.9982E-05 0.0404215 0.959379 9.9982E-05
9.998E-05 9.998E-05 0.9997 9.998E-05
9.998E-05 9.998E-05 0.9997 9.998E-05
0.942147 0.00127447 0.056247 0.000331133
0.135713 0.788359 0.0758279 9.9991E-05
0.110106 9.9982E-05 9.9982E-05 0.889694
0.8291 9.9982E-05 9.9982E-05 0.1707
0.945421 9.9982E-05 0.0543795 9.9982E-05
0.0501541 0.0759449 0.743979 0.129922
0.976834 9.99821E-05 0.0229657 9.99821E-05
0.72204 0.27776 9.9982E-05 9.9982E-05
0.166877 0.832923 9.9982E-05 9.9982E-05
9.998E-05 9.998E-05 9.998E-05 0.9997
9.9982E-05 0.160263 0.839537 9.9982E-05
9.9982E-05 9.9982E-05 0.420703 0.579097
9.9982E-05 0.986256 9.9982E-05 0.0135444
0.17661 9.9982E-05 9.9982E-05 0.82319
0.89134 9.99821E-05 9.99821E-05 0.10846
9.9991E-05 0.0376772 0.32295 0.639272
0.273824 9.9982E-05 9.9982E-05 0.725976
