9.9991E-05 0.7503 0.221889 0.0277107
9.9982E-05 0.978903 9.9982E-05 0.0208974
9.9982E-05 0.490909 0.508891 9.9982E-05
0.161312 0.70659 0.131998 9.9991E-05
9.9982E-05 9.9982E-05 0.567388 0.432412
0.882818 0.0602829 0.0567994 9.9991E-05
0.134523 9.9982E-05 0.865277 9.9982E-05
9.99821E-05 0.954936 0.0448643 9.99821E-05
0.742411 9.9982E-05 9.9982E-05 0.257389
9.9982E-05 9.9982E-05 0.697735 0.302066
9.99821E-05 9.99821E-05 0.947999 0.0518012
0.0634011 0.936399 9.9982E-05 9.9982E-05
0.0357897 0.0391168 0.451265 0.473829
0.0391901 0.101734 0.858975 9.9991E-05
9.9982E-05 9.9982E-05 0.337009 0.662791
0.20561 9.99821E-05 9.99821E-05 0.794191
9.9982E-05 0.964651 0.0351488 9.9982E-05
0.319011 9.9991E-05 0.244504 0.436385
0.9997 9.998E-05 9.998E-05 9.998E-05
0.140835 9.9982E-05 9.9982E-05 0.858965
0.290936 0.00542028 9.9991E-05 0.703544
0.627047 0.0806131 9.9991E-05 0.29224
0.00227905 0.0428 9.9991E-05 0.954821
0.106333 0.497803 0.268423 0.127441
0.115418 0.0728841 0.811598 9.9991E-05
9.9982E-05 9.9982E-05 0.184828 0.814972
0.044733 0.676146 0.279021 9.9991E-05
0.609738 9.9991E-05 0.304318 0.0858446
9.99821E-05 0.927165 9.99821E-05 0.0726354
0.643419 0.356381 9.99821E-05 9.99821E-05
9.9982E-05 0.0781265 0.921674 9.9982E-05
9.998E-05 9.998E-05 0.9997 9.998E-05
9.9982E-05 9.9982E-05 0.962587 0.0372128
0.901383 0.0287815 0.0697355 9.9991E-05
0.0865396 0.876313 0.0370478 9.9991E-05
0.296437 9.9982E-05 9.9982E-05 0.703363
0.924288 0.00114596 9.9991E-05 0.0744664
0.892626 0.033992 0.0732816 9.9991E-05
0.116441 0.0640884 0.807441 0.0120289
0.82781 0.17199 9.99821E-05 9.99821E-05
0.705384 0.294416 9.9982E-05 9.9982E-05
0.0626722 0.937128 9.9982E-05 9.9982E-05
9.9982E-05 0.00357109 9.9982E-05 0.996229
0.0115933 0.0902875 0.898019 9.9991E-05
9.9982E-05 9.9982E-05 0.220744 0.779056
9.998E-05 0.9997 9.998E-05 9.998E-05
0.366557 9.9982E-05 9.9982E-05 0.633243
0.949262 9.99821E-05 9.99821E-05 0.050538
9.9991E-05 0.0908571 0.115367 0.793676
0.466825 9.9991E-05 0.00185922 0.531215
