0.0850797 0.1525 0.762321 9.9991E-05
0.0579016 9.9982E-05 0.941898 9.9982E-05
9.9982E-05 0.573046 0.426754 9.9982E-05
9.999E-05 0.192702 0.509989 0.297209
0.400252 0.599549 9.9982E-05 9.9982E-05
9.9991E-05 0.0426461 0.0778131 0.879441
0.0221112 0.878136 9.9991E-05 0.0996524
9.9982E-05 0.0470852 0.952715 9.9982E-05
0.266728 9.9982E-05 9.9982E-05 0.733072
0.326768 0.673032 9.9982E-05 9.9982E-05
0.0591916 0.940608 9.99821E-05 9.99821E-05
9.9982E-05 9.9982E-05 0.907638 0.0921617
0.526061 0.436405 9.9991E-05 0.0374342
9.999E-05 0.908391 0.0400419 0.0514674
0.583609 0.416191 9.9982E-05 9.9982E-05
0.79231 0.0812525 9.9991E-05 0.126338
9.9991E-05 0.0425974 0.891304 0.0659988
0.329704 0.312743 9.9991E-05 0.357453
9.9982E-05 9.9982E-05 0.0322644 0.967536
0.818094 9.9982E-05 9.9982E-05 0.181706
0.768004 9.9991E-05 0.0237089 0.208187
0.287184 9.9991E-05 0.0739337 0.638783
0.871471 0.043114 9.9991E-05 0.0853152
0.0977952 0.247704 0.445107 0.209394
9.9991E-05 0.860138 0.0865802 0.0531818
0.759783 0.240018 9.9982E-05 9.9982E-05
9.9991E-05 0.262238 0.622766 0.114896
0.118094 0.279202 9.9991E-05 0.602604
9.998E-05 9.998E-05 0.9997 9.998E-05
9.99821E-05 9.99821E-05 0.288795 0.711005
9.998E-05 0.9997 9.998E-05 9.998E-05
9.998E-05 0.9997 9.998E-05 9.998E-05
0.0693763 0.930424 9.9982E-05 9.9982E-05
9.9982E-05 0.0453866 9.9982E-05 0.954413
9.9991E-05 0.0625105 0.778854 0.158536
0.694657 9.9982E-05 9.9982E-05 0.305143
0.0630079 9.9982E-05 9.9982E-05 0.936792
9.9982E-05 0.0619129 9.9982E-05 0.937887
0.0125118 0.715465 0.114901 0.157122
9.99821E-05 9.99821E-05 0.124034 0.875766
9.9982E-05 9.9982E-05 0.237976 0.761824
9.9982E-05 9.9982E-05 0.898882 0.100918
0.979442 9.9982E-05 0.0203584 9.9982E-05
9.9982E-05 0.888476 0.111324 9.9982E-05
0.781843 0.217957 9.9982E-05 9.9982E-05
0.00982869 9.9982E-05 0.989971 9.9982E-05
0.601364 9.9982E-05 9.9982E-05 0.398436
0.153272 9.9982E-05 9.9982E-05 0.846528
0.762535 0.170845 0.0665207 9.9991E-05
0.578008 9.9982E-05 9.9982E-05 0.421792
