9.9991E-05 0.802095 0.0708906 0.126915
9.9982E-05 0.947399 9.9982E-05 0.0524007
9.9982E-05 0.489016 0.510784 9.9982E-05
0.283538 0.573718 0.142644 9.9991E-05
9.9982E-05 9.9982E-05 0.670073 0.329727
0.914538 9.9982E-05 0.0852618 9.9982E-05
0.0861193 9.9991E-05 0.890691 0.0230895
9.999E-05 0.938745 0.0338417 0.0273132
0.676239 9.9982E-05 9.9982E-05 0.323561
9.99821E-05 9.99821E-05 0.812405 0.187395
9.99821E-05 9.99821E-05 0.969432 0.0303679
0.0656923 0.934108 9.9982E-05 9.9982E-05
0.0299342 9.9991E-05 0.503889 0.466077
0.0622295 0.0719882 0.865682 9.9991E-05
9.9982E-05 9.9982E-05 0.373391 0.626409
0.0690154 0.0145592 9.9991E-05 0.916325
0.0546744 0.945126 9.9982E-05 9.9982E-05
0.23497 9.9991E-05 0.345986 0.418944
0.960266 0.0395341 9.9982E-05 9.9982E-05
0.0697816 9.99821E-05 9.99821E-05 0.930018
0.208822 0.000363937 9.9991E-05 0.790714
0.522823 0.0841335 9.9991E-05 0.392943
0.0258075 0.0241119 0.0648925 0.885188
0.0893448 0.56932 0.185044 0.156291
9.99821E-05 0.196879 0.802921 9.99821E-05
9.9982E-05 9.9982E-05 0.267594 0.732206
0.0593165 0.637245 0.303339 9.9991E-05
0.581888 0.00306294 0.244931 0.170119
9.99821E-05 0.952183 9.99821E-05 0.0476169
0.627369 0.372431 9.99821E-05 9.99821E-05
9.998E-05 9.998E-05 0.9997 9.998E-05
9.998E-05 9.998E-05 0.9997 9.998E-05
9.9982E-05 9.9982E-05 0.963483 0.036317
0.945133 9.9982E-05 0.054667 9.9982E-05
0.120828 0.84065 0.0384216 9.9991E-05
0.227521 9.9982E-05 9.9982E-05 0.772279
0.853977 9.9982E-05 9.9982E-05 0.145823
0.961759 9.9982E-05 0.038041 9.9982E-05
0.203874 9.99821E-05 0.795926 9.99821E-05
0.854645 0.0897197 0.048073 0.00756202
0.824162 0.175638 9.9982E-05 9.9982E-05
0.104724 0.895076 9.9982E-05 9.9982E-05
9.998E-05 9.998E-05 9.998E-05 0.9997
9.9982E-05 0.138214 0.861586 9.9982E-05
9.9982E-05 9.9982E-05 0.291763 0.708037
9.99821E-05 0.986288 9.99821E-05 0.0135117
0.328612 9.9982E-05 9.9982E-05 0.671188
0.857817 9.99821E-05 9.99821E-05 0.141983
9.9991E-05 0.0687582 0.155406 0.775736
0.466489 9.9991E-05 0.0216334 0.511777
