0.0276306 0.731343 9.9991E-05 0.240927
0.015988 0.983812 9.9982E-05 9.9982E-05
9.9982E-05 0.489896 9.9982E-05 0.509904
9.999E-05 0.612546 0.225937 0.161417
0.382918 9.9982E-05 9.9982E-05 0.616882
9.9982E-05 9.9982E-05 0.94606 0.0537402
0.0517168 9.9991E-05 0.0811281 0.867055
9.99821E-05 0.971044 9.99821E-05 0.0287558
0.233374 9.9982E-05 0.766426 9.9982E-05
0.335448 9.9982E-05 9.9982E-05 0.664352
0.0315346 9.99821E-05 9.99821E-05 0.968265
9.9982E-05 0.912584 0.0872163 9.9982E-05
0.433512 9.9991E-05 0.0772964 0.489091
9.999E-05 0.0881562 0.0346416 0.877102
0.558985 9.9982E-05 9.9982E-05 0.440815
0.837778 9.9991E-05 0.117222 0.0449003
9.99821E-05 0.915849 0.0839514 9.99821E-05
0.458342 9.9991E-05 0.266727 0.274831
9.9982E-05 0.0844855 0.915314 9.9982E-05
0.899137 9.99821E-05 0.100663 9.99821E-05
0.722368 0.0085481 0.268984 9.9991E-05
0.349432 0.0853623 0.565106 9.9991E-05
0.92262 9.9991E-05 0.00872544 0.0685545
0.156202 0.410685 0.220805 0.212307
9.9991E-05 0.0471222 0.0781863 0.874592
0.74941 9.9982E-05 9.9982E-05 0.25039
9.9991E-05 0.634298 0.111503 0.254099
0.0842369 9.9991E-05 0.66177 0.253893
9.998E-05 0.9997 9.998E-05 9.998E-05
9.99821E-05 0.341735 0.658065 9.99821E-05
9.998E-05 9.998E-05 9.998E-05 0.9997
9.998E-05 9.998E-05 9.998E-05 0.9997
0.0604777 9.9982E-05 9.9982E-05 0.939322
9.99821E-05 9.99821E-05 0.98184 0.0179604
9.9991E-05 0.807158 0.132495 0.0602465
0.806194 9.9982E-05 0.193606 9.9982E-05
0.0447286 9.9982E-05 0.955071 9.9982E-05
9.9982E-05 9.9982E-05 0.936685 0.0631151
0.0459102 0.0115963 0.169933 0.77256
9.99821E-05 0.0861423 0.913658 9.99821E-05
9.9982E-05 0.220717 0.779083 9.9982E-05
9.9982E-05 0.823655 0.176145 9.9982E-05
0.9997 9.998E-05 9.998E-05 9.998E-05
9.9991E-05 0.069664 0.0215269 0.908709
0.702082 9.9982E-05 9.9982E-05 0.297718
0.03864 0.96116 9.9982E-05 9.9982E-05
0.601246 9.9982E-05 0.398554 9.9982E-05
0.0970313 9.99821E-05 0.902769 9.99821E-05
0.721257 0.0402938 0.0125125 0.225936
0.547137 9.9982E-05 0.452663 9.9982E-05
