0.688163 9.9991E-05 0.183747 0.12799
0.964904 9.9982E-05 9.9982E-05 0.034896
0.441959 9.9991E-05 0.50949 0.0484514
0.533232 0.259829 0.206838 9.9991E-05
0.00630346 9.9991E-05 0.567102 0.426495
0.0727067 0.834668 0.0925257 9.9991E-05
9.999E-05 0.109922 0.825065 0.0649133
0.9997 9.998E-05 9.998E-05 9.998E-05
9.99821E-05 0.751216 9.99821E-05 0.248584
9.9982E-05 9.9982E-05 0.68638 0.31342
9.99821E-05 9.99821E-05 0.958926 0.0408736
0.940957 0.0588429 9.9982E-05 9.9982E-05
9.9991E-05 0.0743759 0.493079 0.432445
0.0902807 0.0203118 0.889308 9.9991E-05
9.9982E-05 9.9982E-05 0.324804 0.674996
9.99821E-05 0.202398 9.99821E-05 0.797402
0.923706 0.056403 0.0197911 9.9991E-05
9.9991E-05 0.340199 0.211741 0.447961
9.998E-05 0.9997 9.998E-05 9.998E-05
0.0185379 0.147825 9.9991E-05 0.833538
9.9982E-05 0.26975 9.9982E-05 0.73005
0.182116 0.487576 9.9991E-05 0.330208
0.0127858 0.0459411 9.9991E-05 0.941173
0.558972 0.127904 0.170211 0.142913
0.142133 0.00142563 0.856341 9.9991E-05
9.9982E-05 9.9982E-05 0.21369 0.78611
0.631928 0.0476474 0.320325 9.9991E-05
9.9991E-05 0.605123 0.250234 0.144543
0.934277 9.99821E-05 9.99821E-05 0.0655231
0.448754 0.551046 9.99821E-05 9.99821E-05
0.0154758 9.9982E-05 0.984324 9.9982E-05
9.998E-05 9.998E-05 0.9997 9.998E-05
9.9982E-05 9.9982E-05 0.852954 0.146846
9.9982E-05 0.930754 0.069046 9.9982E-05
0.847993 0.0827085 0.0691982 9.9991E-05
9.9982E-05 0.267506 9.9982E-05 0.732294
9.9982E-05 0.94342 9.9982E-05 0.0563798
9.9982E-05 0.911419 0.0883807 9.9982E-05
0.0136161 0.151906 0.692554 0.141924
0.176766 0.823034 9.99821E-05 9.99821E-05
0.284658 0.715142 9.9982E-05 9.9982E-05
0.892251 0.107549 9.9982E-05 9.9982E-05
9.99821E-05 0.0314827 9.99821E-05 0.968317
0.0773812 9.9982E-05 0.922419 9.9982E-05
9.99821E-05 9.99821E-05 0.169815 0.829985
0.9997 9.998E-05 9.998E-05 9.998E-05
9.9982E-05 0.385357 9.9982E-05 0.614443
9.99821E-05 0.85935 9.99821E-05 0.14045
0.110564 9.9991E-05 0.0551281 0.834208
9.9982E-05 0.383441 9.9982E-05 0.616359
