9.9991E-05 0.0695072 0.70236 0.228033
9.9982E-05 0.000250416 0.99955 9.9982E-05
9.9982E-05 9.9982E-05 0.447255 0.552545
0.231341 9.9991E-05 0.667709 0.10085
9.9982E-05 0.594292 9.9982E-05 0.405508
0.86287 9.9991E-05 0.0591151 0.0779152
0.0987824 0.11065 9.9991E-05 0.790467
9.999E-05 0.00196606 0.942104 0.0558297
0.954446 0.0453543 9.99821E-05 9.99821E-05
9.9982E-05 0.43758 9.9982E-05 0.56222
9.99821E-05 0.164612 9.99821E-05 0.835188
0.0150332 9.9982E-05 0.984767 9.9982E-05
0.149271 0.540307 0.0014246 0.308997
0.0677252 9.9991E-05 0.0465667 0.885608
9.9982E-05 0.866927 9.9982E-05 0.132873
0.395172 0.604348 9.9991E-05 0.000380029
9.998E-05 9.998E-05 0.9997 9.998E-05
0.356979 0.349734 9.9991E-05 0.293187
0.871714 9.9982E-05 0.128086 9.9982E-05
0.307422 0.692378 9.9982E-05 9.9982E-05
0.429299 0.570501 9.9982E-05 9.9982E-05
0.643099 0.170194 0.186608 9.9991E-05
0.266212 0.733588 9.9982E-05 9.9982E-05
0.108115 0.0741906 0.588058 0.229636
0.0413856 9.9991E-05 0.0507377 0.907777
9.9991E-05 0.898816 0.0205253 0.0805583
9.9982E-05 9.9982E-05 0.721493 0.278307
0.62886 0.168471 0.00454471 0.198124
9.99821E-05 0.0542028 0.945597 9.99821E-05
0.518434 9.99821E-05 0.481366 9.99821E-05
9.998E-05 9.998E-05 9.998E-05 0.9997
9.998E-05 9.998E-05 9.998E-05 0.9997
9.9982E-05 0.21075 9.9982E-05 0.78905
0.959079 9.9982E-05 9.9982E-05 0.0407209
0.0212824 9.9991E-05 0.965985 0.0126326
0.551465 0.448335 9.9982E-05 9.9982E-05
0.985876 9.9982E-05 0.0139244 9.9982E-05
0.931245 9.9991E-05 0.0200368 0.0486186
0.155079 0.0989744 9.9991E-05 0.745846
0.804533 9.99821E-05 0.195267 9.99821E-05
0.651741 9.9982E-05 0.348059 9.9982E-05
0.02825 9.9982E-05 0.97155 9.9982E-05
0.154464 0.837545 0.00789092 9.9991E-05
9.9982E-05 9.9982E-05 0.0182897 0.98151
9.9982E-05 0.849918 9.9982E-05 0.149882
9.99821E-05 0.0199968 0.979803 9.99821E-05
0.605385 0.394415 9.9982E-05 9.9982E-05
0.979075 0.0207247 9.99821E-05 9.99821E-05
9.99821E-05 0.836862 0.162938 9.99821E-05
0.622478 0.377322 9.99821E-05 9.99821E-05
