0.00645315 0.694051 0.299496
9.999E-05 0.974125 0.0257747
9.999E-05 0.460742 0.539158
0.0123275 0.86991 0.117762
0.181657 9.9991E-05 0.818243
0.498463 0.501437 9.9991E-05
0.0462548 0.0924579 0.861287
9.999E-05 0.951209 0.0486914
0.939908 0.0599917 9.9991E-05
0.0489355 9.9991E-05 0.950965
9.999E-05 9.999E-05 0.9998
9.999E-05 0.9998 9.999E-05
0.335206 0.00295049 0.661844
9.9991E-05 0.177111 0.822789
0.332008 9.9991E-05 0.667892
0.892882 9.9991E-05 0.107018
9.9991E-05 0.975028 0.0248716
0.665912 0.00846954 0.325618
0.361309 0.638591 9.9991E-05
0.9998 9.999E-05 9.999E-05
0.932346 0.0311139 0.0365397
0.726455 0.270601 0.00294487
0.795036 9.9991E-05 0.204864
0.17921 0.601573 0.219218
9.9991E-05 0.170819 0.829081
0.517717 9.9991E-05 0.482183
9.9991E-05 0.802351 0.197549
0.448908 0.322095 0.228997
9.99911E-05 0.976799 0.0231009
0.325795 0.674105 9.9991E-05
9.9991E-05 0.0487756 0.951124
9.999E-05 9.999E-05 0.9998
9.999E-05 9.999E-05 0.9998
0.482772 0.517128 9.9991E-05
9.9991E-05 0.948859 0.0510407
0.982801 9.9991E-05 0.0170994
0.687139 0.312761 9.9991E-05
0.536087 0.463813 9.9991E-05
0.138327 0.1457 0.715973
0.422017 0.577883 9.9991E-05
0.164917 0.834983 9.9991E-05
9.999E-05 0.9998 9.999E-05
0.998988 9.9991E-05 0.000912031
9.9991E-05 0.169479 0.830421
0.428631 9.9991E-05 0.571269
9.9991E-05 0.991615 0.00828526
0.9998 9.999E-05 9.999E-05
0.703185 0.296715 9.9991E-05
0.579036 9.9991E-05 0.420864
0.868587 0.0623665 0.0690467
