0.738106 0.00571823 0.256176
0.9998 9.999E-05 9.999E-05
0.451538 9.9991E-05 0.548362
0.87733 9.9991E-05 0.12257
9.9991E-05 0.179783 0.820117
0.443488 0.556412 9.9991E-05
0.0604098 0.0632167 0.876373
0.888579 9.9991E-05 0.111321
0.0453313 0.954569 9.9991E-05
9.9991E-05 0.0754705 0.92443
9.999E-05 9.999E-05 0.9998
0.9998 9.999E-05 9.999E-05
9.9991E-05 0.382765 0.617135
0.175502 9.9991E-05 0.824398
9.9991E-05 0.330768 0.669132
9.9991E-05 0.787344 0.212556
0.943338 9.9991E-05 0.0565618
9.9991E-05 0.626185 0.373715
0.515184 0.484716 9.9991E-05
9.9991E-05 0.936625 0.0632749
9.9991E-05 0.89422 0.10568
0.238325 0.761575 9.9991E-05
9.9991E-05 0.764268 0.235632
0.611229 0.110613 0.278158
0.179232 9.9991E-05 0.820668
9.9991E-05 0.479322 0.520578
0.781449 9.9991E-05 0.218451
0.287507 0.529887 0.182606
0.965541 9.99911E-05 0.0343588
0.622638 0.377262 9.9991E-05
0.0410177 9.9991E-05 0.958882
9.999E-05 9.999E-05 0.9998
9.999E-05 9.999E-05 0.9998
0.408637 0.591263 9.9991E-05
0.914253 9.9991E-05 0.0856468
9.9991E-05 0.929302 0.0705985
0.28453 0.71537 9.9991E-05
0.453893 0.546007 9.9991E-05
0.141161 0.144795 0.714044
0.495626 0.504274 9.9991E-05
0.759792 0.240108 9.9991E-05
0.9998 9.999E-05 9.999E-05
9.9991E-05 0.924217 0.0756832
0.139477 9.9991E-05 0.860423
9.9991E-05 0.438955 0.560945
0.962844 9.9991E-05 0.037056
9.9991E-05 0.997341 0.00255868
0.227485 0.772415 9.9991E-05
9.9991E-05 0.56528 0.43462
9.9991E-05 0.91002 0.0898803
