0.713051 0.271271 0.0156776
0.96872 0.0311795 9.9991E-05
0.513681 0.486219 9.9991E-05
0.855396 0.141622 0.00298185
9.9991E-05 0.816308 0.183592
0.53341 9.9991E-05 0.46649
0.0035293 0.870477 0.125993
0.907747 0.092153 9.9991E-05
0.0938253 9.9991E-05 0.906075
9.9991E-05 0.950098 0.049802
9.999E-05 0.9998 9.999E-05
0.984113 0.0157874 9.9991E-05
9.9991E-05 0.631046 0.368854
0.131382 0.868518 9.9991E-05
9.9991E-05 0.597494 0.402406
9.9991E-05 0.15456 0.84534
0.936441 0.0634588 9.9991E-05
9.9991E-05 0.325678 0.674222
0.574457 9.9991E-05 0.425443
9.9991E-05 0.0697115 0.930189
0.0019947 0.112507 0.885498
0.276896 9.9991E-05 0.723004
9.9991E-05 0.178858 0.821042
0.536209 0.250255 0.213536
0.235914 0.763986 9.9991E-05
9.9991E-05 0.493035 0.506865
0.754941 0.244959 9.9991E-05
0.254733 0.268883 0.476384
0.9998 9.999E-05 9.999E-05
0.719668 9.9991E-05 0.280232
0.044967 0.954933 9.9991E-05
9.999E-05 0.9998 9.999E-05
9.999E-05 0.9998 9.999E-05
0.500819 9.9991E-05 0.499081
0.936366 0.0635338 9.9991E-05
9.9991E-05 0.0430634 0.956837
0.368557 9.9991E-05 0.631343
0.493968 9.9991E-05 0.505932
0.184498 0.768028 0.0474734
0.532804 9.9991E-05 0.467096
0.835493 9.9991E-05 0.164407
0.9998 9.999E-05 9.999E-05
9.999E-05 9.999E-05 0.9998
0.246707 0.753193 9.9991E-05
9.9991E-05 0.544174 0.455726
0.930147 0.0697533 9.9991E-05
9.999E-05 9.999E-05 0.9998
0.222458 9.9991E-05 0.777442
9.9991E-05 0.45479 0.54511
0.0598559 0.0891387 0.851005
