0.0919619 0.300347 0.607691
9.999E-05 0.000982053 0.998918
9.999E-05 0.464672 0.535228
0.0141995 0.131487 0.854314
0.201719 0.798181 9.9991E-05
0.543046 9.9991E-05 0.456854
0.108514 0.821643 0.0698434
9.999E-05 0.0425957 0.957304
0.978816 9.9991E-05 0.0210841
0.107306 0.892594 9.9991E-05
9.999E-05 0.9998 9.999E-05
9.999E-05 9.999E-05 0.9998
0.407551 0.580967 0.0114818
9.9991E-05 0.830177 0.169723
0.351546 0.648354 9.9991E-05
0.79007 0.20983 9.9991E-05
9.9991E-05 0.009149 0.990751
0.598374 0.401526 9.9991E-05
0.372052 9.9991E-05 0.627848
0.956358 0.0435424 9.9991E-05
0.920155 0.0797446 9.9991E-05
0.754691 9.9991E-05 0.245209
0.734776 0.265124 9.9991E-05
0.121186 0.305828 0.572986
9.9991E-05 0.808326 0.191574
0.464781 0.535119 9.9991E-05
9.9991E-05 0.28757 0.71233
0.494596 0.212122 0.293282
9.99911E-05 0.0322383 0.967662
0.346219 9.9991E-05 0.653681
9.9991E-05 0.938266 0.061634
9.999E-05 0.9998 9.999E-05
9.999E-05 0.9998 9.999E-05
0.593588 9.9991E-05 0.406312
9.9991E-05 0.0863957 0.913504
0.959039 0.0408607 9.9991E-05
0.686306 9.9991E-05 0.313594
0.539189 9.9991E-05 0.460711
0.127745 0.677591 0.194664
0.446081 9.9991E-05 0.553819
0.206052 9.9991E-05 0.793848
9.999E-05 9.999E-05 0.9998
0.900556 0.0993435 9.9991E-05
9.9991E-05 0.81574 0.18416
0.427888 0.572012 9.9991E-05
9.9991E-05 0.0190942 0.980806
0.9998 9.999E-05 9.999E-05
0.701723 9.9991E-05 0.298177
0.540719 0.459181 9.9991E-05
0.902604 0.0931331 0.0042627
