0.287003 0.68032 0.0326778
0.0127027 0.959355 0.0279426
0.569436 0.430464 9.9991E-05
0.138362 0.861538 9.9991E-05
0.837248 9.9991E-05 0.162652
9.999E-05 0.51271 0.48719
0.850157 0.0777372 0.0721053
0.0702072 0.929693 9.9991E-05
9.9991E-05 0.0853932 0.914507
0.964412 9.9991E-05 0.0354876
0.9998 9.999E-05 9.999E-05
9.999E-05 0.9998 9.999E-05
0.647362 9.9991E-05 0.352538
0.833142 0.166758 9.9991E-05
0.664315 9.9991E-05 0.335585
0.165978 9.9991E-05 0.833922
0.0630928 0.936807 9.9991E-05
0.362265 0.0221155 0.61562
9.9991E-05 0.582083 0.417817
9.999E-05 9.999E-05 0.9998
0.120673 0.00297652 0.87635
9.9991E-05 0.334567 0.665333
0.241587 9.9991E-05 0.758313
0.291391 0.514749 0.193859
0.780919 0.218981 9.9991E-05
0.544874 9.9991E-05 0.455026
0.303976 0.695925 9.9991E-05
0.259852 0.274923 0.465226
9.999E-05 0.9998 9.999E-05
9.9991E-05 0.719705 0.280195
0.953273 0.0466269 9.9991E-05
0.9998 9.999E-05 9.999E-05
0.9998 9.999E-05 9.999E-05
9.9991E-05 0.465888 0.534013
0.0740973 0.925803 9.9991E-05
0.0420568 9.9991E-05 0.957843
9.9991E-05 0.322525 0.677375
9.9991E-05 0.529467 0.470433
0.721221 0.189305 0.0894738
9.9991E-05 0.570548 0.429352
9.9991E-05 0.788528 0.211372
9.999E-05 0.9998 9.999E-05
0.0674923 9.9991E-05 0.932408
0.792032 0.207868 9.9991E-05
0.563876 9.9991E-05 0.436024
0.0269643 0.972936 9.9991E-05
9.999E-05 9.999E-05 0.9998
9.9991E-05 0.281045 0.718855
0.481559 9.9991E-05 0.518341
0.0952052 0.0322323 0.872562
