0.694767 0.305133 9.9991E-05
0.994611 0.00528884 9.9991E-05
0.509069 0.490831 9.9991E-05
0.821682 0.178218 9.9991E-05
9.9991E-05 0.810372 0.189528
0.567837 9.9991E-05 0.432063
0.0215882 0.920873 0.0575391
0.900204 0.099696 9.9991E-05
0.102754 9.9991E-05 0.897146
9.9991E-05 0.870637 0.129263
9.999E-05 0.9998 9.999E-05
0.9998 9.999E-05 9.999E-05
9.9991E-05 0.54955 0.45035
0.134335 0.865565 9.9991E-05
9.9991E-05 0.58748 0.41242
9.9991E-05 0.0719992 0.927901
0.95461 0.0452901 9.9991E-05
0.0164365 0.34094 0.642623
0.730907 9.9991E-05 0.268993
9.9991E-05 0.0138938 0.986006
0.0479404 0.018253 0.933807
0.307331 9.9991E-05 0.692569
9.9991E-05 0.176588 0.823312
0.541988 0.303944 0.154069
0.223666 0.776234 9.9991E-05
9.9991E-05 0.398585 0.601315
0.71521 0.28469 9.9991E-05
0.256382 0.207561 0.536057
0.9998 9.999E-05 9.999E-05
0.795325 9.9991E-05 0.204575
9.999E-05 0.9998 9.999E-05
9.999E-05 0.9998 9.999E-05
9.999E-05 0.9998 9.999E-05
0.556513 9.9991E-05 0.443387
0.921243 0.0786569 9.9991E-05
0.0106373 9.9991E-05 0.989263
0.398323 9.9991E-05 0.601577
0.544511 9.9991E-05 0.455389
0.170847 0.719849 0.109304
0.602126 9.9991E-05 0.397774
0.906237 9.9991E-05 0.0936627
0.9998 9.999E-05 9.999E-05
9.9991E-05 0.0383065 0.961593
0.155668 0.844232 9.9991E-05
9.9991E-05 0.459504 0.540396
0.982821 0.0170785 9.9991E-05
9.999E-05 9.999E-05 0.9998
0.27826 9.9991E-05 0.72164
9.9991E-05 0.34261 0.65729
0.0962891 0.0128637 0.890847
