0.297598 0.699921 0.00248073
0.0348643 0.934677 0.0304588
0.580759 0.419141 9.9991E-05
0.168347 0.831553 9.9991E-05
0.835009 9.9991E-05 0.164891
9.999E-05 0.605824 0.394076
0.847889 0.0823081 0.0698027
0.0851649 0.914735 9.9991E-05
9.9991E-05 0.1404 0.8595
0.900467 9.9991E-05 0.0994334
0.9998 9.999E-05 9.999E-05
9.999E-05 0.9998 9.999E-05
0.632279 9.9991E-05 0.367621
0.864478 0.135422 9.9991E-05
0.604276 9.9991E-05 0.395624
0.140199 9.9991E-05 0.859701
0.0488672 0.951033 9.9991E-05
0.336114 0.0204433 0.643443
9.9991E-05 0.706078 0.293822
0.0452778 9.9991E-05 0.954622
0.0461144 0.0131347 0.940751
9.9991E-05 0.402408 0.597492
0.171943 9.9991E-05 0.827957
0.278563 0.542543 0.178894
0.768714 0.231186 9.9991E-05
0.519466 9.9991E-05 0.480434
0.286513 0.713387 9.9991E-05
0.196412 0.407599 0.395989
0.0237597 0.97614 9.99911E-05
9.9991E-05 0.77059 0.22931
0.9998 9.999E-05 9.999E-05
0.9998 9.999E-05 9.999E-05
0.9998 9.999E-05 9.999E-05
9.9991E-05 0.537878 0.462022
0.0644433 0.935457 9.9991E-05
0.0233671 9.9991E-05 0.976533
9.9991E-05 0.370429 0.629471
9.9991E-05 0.545053 0.454847
0.773989 0.096901 0.12911
9.9991E-05 0.635015 0.364885
9.9991E-05 0.908723 0.0911767
9.999E-05 0.9998 9.999E-05
0.0150868 9.9991E-05 0.984813
0.851599 0.148301 9.9991E-05
0.471048 9.9991E-05 0.528852
0.0183236 0.981576 9.9991E-05
9.999E-05 9.999E-05 0.9998
9.9991E-05 0.283529 0.716371
0.398803 9.9991E-05 0.601097
0.0151908 0.118647 0.866163
