0.728131 9.9991E-05 0.271769
0.985896 9.9991E-05 0.0140044
0.489385 9.9991E-05 0.510515
0.801519 0.0319682 0.166513
9.9991E-05 0.174666 0.825234
0.551382 0.448518 9.9991E-05
0.122676 0.0897886 0.787536
0.860483 9.9991E-05 0.139417
0.146914 0.852986 9.9991E-05
9.9991E-05 0.12953 0.87037
9.999E-05 9.999E-05 0.9998
0.9998 9.999E-05 9.999E-05
9.9991E-05 0.405707 0.594193
0.208418 9.9991E-05 0.791482
9.9991E-05 0.360599 0.639301
9.9991E-05 0.893068 0.106832
0.970544 9.9991E-05 0.0293564
9.9991E-05 0.679611 0.320289
0.727039 0.272861 9.9991E-05
9.999E-05 0.9998 9.999E-05
0.0893058 0.907472 0.00322256
0.294267 0.705633 9.9991E-05
9.9991E-05 0.85106 0.14884
0.605333 0.116304 0.278363
0.195523 9.9991E-05 0.804377
9.9991E-05 0.539794 0.460106
0.733137 9.9991E-05 0.266763
0.385407 0.427923 0.18667
0.911176 0.0182758 0.0705485
0.742955 0.256945 9.9991E-05
0.0312862 9.9991E-05 0.968614
0.00268898 9.9991E-05 0.997211
9.999E-05 9.999E-05 0.9998
0.508821 0.491079 9.9991E-05
0.909625 9.9991E-05 0.090275
9.999E-05 0.9998 9.999E-05
0.462917 0.536984 9.9991E-05
0.505854 0.494046 9.9991E-05
0.168737 0.0778011 0.753462
0.635503 0.364397 9.9991E-05
0.82063 0.17927 9.9991E-05
0.9998 9.999E-05 9.999E-05
9.9991E-05 0.988791 0.0111091
0.121488 9.9991E-05 0.878412
9.9991E-05 0.475774 0.524126
0.9998 9.999E-05 9.999E-05
0.0209533 0.978947 9.9991E-05
0.298292 0.701608 9.9991E-05
0.00655161 0.591975 0.401473
0.0561039 0.943796 9.9991E-05
