0.235359 9.99821E-05 0.664821 9.99821E-05 0.0996206
9.9973E-05 9.9973E-05 0.952344 9.9973E-05 0.0473556
0.455426 9.9982E-05 0.50461 9.9982E-05 0.0397636
0.186103 9.99821E-05 0.427737 0.385961 9.99821E-05
0.0675422 0.932158 9.9973E-05 9.9973E-05 9.9973E-05
0.10188 9.9982E-05 9.9982E-05 0.864195 0.0337248
0.722589 0.135999 9.9991E-05 0.00540751 0.135904
0.0463911 9.9982E-05 0.943722 9.9982E-05 0.00968644
9.9973E-05 9.9973E-05 9.9973E-05 0.44524 0.55446
9.997E-05 0.9996 9.997E-05 9.997E-05 9.997E-05
0.256769 0.742931 9.99731E-05 9.99731E-05 9.99731E-05
9.9973E-05 9.9973E-05 0.879212 0.120488 9.9973E-05
0.237791 0.447711 9.999E-05 0.085781 0.228617
0.876057 0.00854148 9.99821E-05 0.115202 9.99821E-05
9.9982E-05 0.937641 9.9982E-05 0.037081 0.0250779
0.0831838 9.99731E-05 9.99731E-05 9.99731E-05 0.916516
0.0199813 9.9982E-05 0.821828 0.15799 9.9982E-05
0.0715538 0.341646 9.9991E-05 0.232664 0.354036
9.997E-05 9.997E-05 9.997E-05 0.9996 9.997E-05
9.997E-05 9.997E-05 9.997E-05 9.997E-05 0.9996
9.999E-05 0.0649779 0.0516653 0.0921241 0.791133
9.99821E-05 9.99821E-05 0.150081 0.352011 0.497708
0.0932349 0.085362 9.9982E-05 9.9982E-05 0.821203
0.211175 9.9991E-05 0.433105 0.148341 0.207279
0.878417 9.9982E-05 9.9982E-05 0.115065 0.0063188
9.9973E-05 0.647979 9.9973E-05 9.9973E-05 0.351721
0.356745 9.9982E-05 0.472803 0.170252 9.9982E-05
0.135851 0.201941 9.9991E-05 0.644368 0.0177389
9.99732E-05 9.99732E-05 0.978771 9.99732E-05 0.0209288
9.99731E-05 9.99731E-05 0.340212 0.659488 9.99731E-05
0.9996 9.997E-05 9.997E-05 9.997E-05 9.997E-05
0.9996 9.997E-05 9.997E-05 9.997E-05 9.997E-05
0.456913 0.542787 9.9973E-05 9.9973E-05 9.9973E-05
0.0665557 9.9982E-05 9.9982E-05 0.921806 0.0114387
0.0497598 9.9982E-05 0.759741 0.190299 9.9982E-05
9.9973E-05 9.9973E-05 9.9973E-05 0.0639106 0.935789
9.9973E-05 9.9973E-05 9.9973E-05 0.782746 0.216954
0.00643597 9.9982E-05 9.9982E-05 0.939162 0.0542018
0.395303 0.415657 0.0883118 0.100628 9.9991E-05
9.9991E-05 0.0226974 0.0384251 0.903134 0.0356431
9.9973E-05 9.9973E-05 0.192277 0.807423 9.9973E-05
9.99731E-05 9.99731E-05 0.745595 0.254105 9.99731E-05
9.99731E-05 0.21167 9.99731E-05 9.99731E-05 0.78803
0.998602 9.9973E-05 0.00109853 9.9973E-05 9.9973E-05
9.99731E-05 0.801044 9.99731E-05 9.99731E-05 0.198656
9.99731E-05 9.99731E-05 0.996766 9.99731E-05 0.00293393
9.9973E-05 9.9973E-05 9.9973E-05 0.159506 0.840194
9.99731E-05 9.99731E-05 9.99731E-05 0.779563 0.220137
9.9982E-05 0.554197 0.0695795 9.9982E-05 0.376023
9.9982E-05 0.0987328 9.9982E-05 0.19263 0.708437
