0.620007 9.998E-05 0.304601 0.0751915 9.998E-05
0.926351 9.9973E-05 9.9973E-05 0.0733492 9.9973E-05
0.302518 9.9982E-05 0.626441 0.0708409 9.9982E-05
0.527135 9.9982E-05 0.181526 9.9982E-05 0.291139
0.0371223 0.930214 0.0324635 9.9982E-05 9.9982E-05
9.9982E-05 9.9982E-05 0.11338 0.044595 0.841825
0.0128184 0.275912 0.632374 0.075546 0.0033495
0.888523 9.99821E-05 0.0752086 0.0360686 9.99821E-05
9.99731E-05 9.99731E-05 9.99731E-05 0.433781 0.565919
9.997E-05 0.9996 9.997E-05 9.997E-05 9.997E-05
9.997E-05 0.527927 0.471773 9.997E-05 9.997E-05
0.930367 9.9973E-05 9.9973E-05 9.9973E-05 0.0693332
0.0414804 0.665102 0.107119 0.119998 0.0663007
9.99821E-05 0.0690139 0.884899 9.99821E-05 0.0458871
9.99731E-05 0.876388 9.99731E-05 0.123312 9.99731E-05
9.99731E-05 9.99731E-05 0.127667 0.872033 9.99731E-05
0.839254 9.9973E-05 9.9973E-05 9.9973E-05 0.160447
9.999E-05 0.310541 0.0716837 0.372366 0.24531
0.0323334 9.997E-05 9.997E-05 9.997E-05 0.967367
9.997E-05 9.997E-05 9.997E-05 0.9996 9.997E-05
0.0200782 0.128999 9.9991E-05 0.691416 0.159407
0.159141 9.9982E-05 9.9982E-05 0.408342 0.432317
9.9973E-05 0.255883 9.9973E-05 0.743817 9.9973E-05
0.446245 9.9991E-05 0.282768 0.180107 0.0907804
9.997E-05 9.997E-05 0.9996 9.997E-05 9.997E-05
9.997E-05 0.731038 9.997E-05 0.268662 9.997E-05
0.474589 9.99821E-05 0.399973 9.99821E-05 0.125238
9.99731E-05 0.383558 9.99731E-05 9.99731E-05 0.616142
0.980119 9.99732E-05 9.99732E-05 0.019581 9.99732E-05
0.243978 9.99731E-05 9.99731E-05 9.99731E-05 0.755723
9.99731E-05 0.0650436 0.934656 9.99731E-05 9.99731E-05
9.997E-05 9.997E-05 0.9996 9.997E-05 9.997E-05
9.9973E-05 0.737364 0.262336 9.9973E-05 9.9973E-05
9.9973E-05 9.9973E-05 0.112809 9.9973E-05 0.886891
0.718842 9.9982E-05 0.0786428 9.9982E-05 0.202315
9.998E-05 9.998E-05 0.0216888 0.96636 0.0117517
9.9973E-05 9.9973E-05 9.9973E-05 0.18377 0.81593
9.9982E-05 9.9982E-05 0.0526456 0.0530539 0.8941
0.0799858 0.233424 0.530643 0.0484811 0.107465
0.0552601 0.0420221 9.99821E-05 9.99821E-05 0.902518
0.210523 9.997E-05 9.997E-05 9.997E-05 0.789177
0.794486 9.9973E-05 9.9973E-05 9.9973E-05 0.205214
9.99731E-05 0.063913 9.99731E-05 0.935787 9.99731E-05
9.997E-05 9.997E-05 0.9996 9.997E-05 9.997E-05
9.997E-05 0.781939 9.997E-05 0.217761 9.997E-05
0.992862 9.99731E-05 9.99731E-05 0.00683804 9.99731E-05
9.9973E-05 9.9973E-05 9.9973E-05 0.837196 0.162504
9.99731E-05 9.99731E-05 9.99731E-05 0.102128 0.897573
0.0820676 0.468679 9.99821E-05 0.449054 9.99821E-05
9.99731E-05 9.99731E-05 9.99731E-05 0.755672 0.244028
