0.0970988 9.9982E-05 0.642525 0.260176 9.9982E-05
0.0934542 9.9973E-05 0.906246 9.9973E-05 9.9973E-05
0.0524953 9.9982E-05 0.358366 0.588939 9.9982E-05
9.99821E-05 0.289841 0.537635 0.172324 9.99821E-05
9.9982E-05 0.0294421 9.9982E-05 0.0231856 0.947172
9.9982E-05 0.901189 0.00642804 0.0921832 9.9982E-05
0.0243734 0.0754674 9.9991E-05 0.686501 0.213558
0.0463439 9.9982E-05 0.914475 0.0389815 9.9982E-05
0.430863 0.568837 9.9973E-05 9.9973E-05 9.9973E-05
9.997E-05 9.997E-05 9.997E-05 9.997E-05 0.9996
9.99731E-05 9.99731E-05 9.99731E-05 0.364688 0.635012
9.9973E-05 0.102692 0.897008 9.9973E-05 9.9973E-05
0.176166 0.0988954 0.0470189 0.00120843 0.676711
9.99821E-05 0.051543 9.99821E-05 0.827835 0.120422
0.182691 9.9973E-05 9.9973E-05 9.9973E-05 0.817009
0.915352 9.99821E-05 9.99821E-05 0.07572 0.00872841
9.9982E-05 0.0490678 0.886128 9.9982E-05 0.0646042
0.433852 0.232102 9.9991E-05 0.00811912 0.325828
9.9973E-05 0.966777 0.0329235 9.9973E-05 9.9973E-05
0.998699 9.99731E-05 0.00100141 9.99731E-05 9.99731E-05
0.7481 0.140549 0.0279503 9.9991E-05 0.0833003
0.328133 0.504718 0.111544 9.9991E-05 0.0555052
0.866033 9.9973E-05 9.9973E-05 9.9973E-05 0.133667
0.241741 0.0734912 0.413883 0.270785 9.9991E-05
9.9973E-05 0.00515938 9.9973E-05 0.994541 9.9973E-05
0.442208 9.9973E-05 9.9973E-05 9.9973E-05 0.557492
9.9982E-05 0.100255 0.532641 0.366904 9.9982E-05
9.99821E-05 0.608888 9.99821E-05 0.071326 0.319586
0.0236561 9.99732E-05 0.976044 9.99732E-05 9.99732E-05
0.0065893 0.570712 0.393552 9.9991E-05 0.0290464
9.997E-05 9.997E-05 9.997E-05 0.9996 9.997E-05
9.997E-05 9.997E-05 9.997E-05 0.9996 9.997E-05
9.9973E-05 9.9973E-05 9.9973E-05 0.284605 0.715096
0.00621642 0.90944 9.9982E-05 0.0841438 9.9982E-05
9.9982E-05 0.107087 0.797865 0.0948479 9.9982E-05
0.940338 0.0593625 9.9973E-05 9.9973E-05 9.9973E-05
0.146025 0.853675 9.9973E-05 9.9973E-05 9.9973E-05
0.0318694 0.898129 9.9982E-05 0.0698013 9.9982E-05
9.9991E-05 0.0744239 0.128076 0.433965 0.363435
9.99821E-05 0.94035 0.0432528 9.99821E-05 0.0161975
9.9973E-05 0.763225 0.236475 9.9973E-05 9.9973E-05
9.9973E-05 0.154344 0.845356 9.9973E-05 9.9973E-05
0.903826 9.99731E-05 9.99731E-05 9.99731E-05 0.0958736
9.9973E-05 9.9973E-05 0.0204494 0.979251 9.9973E-05
0.31585 9.99731E-05 9.99731E-05 9.99731E-05 0.68385
0.0572041 9.99731E-05 0.942496 9.99731E-05 9.99731E-05
0.786066 0.213634 9.9973E-05 9.9973E-05 9.9973E-05
0.142581 0.857119 9.99731E-05 9.99731E-05 9.99731E-05
0.413046 9.99821E-05 0.110947 9.99821E-05 0.475807
0.576505 0.297723 9.9982E-05 9.9982E-05 0.125572
