9.99821E-05 0.21445 9.99821E-05 0.0998249 0.685525
9.9973E-05 9.9973E-05 9.9973E-05 0.0725355 0.927165
9.9982E-05 0.520511 9.9982E-05 0.0262764 0.453012
9.99821E-05 0.146326 0.292021 9.99821E-05 0.561453
0.989967 0.00811204 0.00172132 9.9982E-05 9.9982E-05
9.999E-05 0.063695 0.817004 0.0729563 0.0462447
0.155679 0.707187 0.063118 0.0739156 9.9991E-05
9.99731E-05 0.0344361 9.99731E-05 9.99731E-05 0.965264
9.99731E-05 9.99731E-05 0.402633 0.597067 9.99731E-05
0.9996 9.997E-05 9.997E-05 9.997E-05 9.997E-05
0.626597 0.373103 9.99731E-05 9.99731E-05 9.99731E-05
9.9973E-05 9.9973E-05 0.0626912 9.9973E-05 0.937009
0.521828 0.125866 9.9991E-05 0.304349 0.0478576
0.0206323 0.864161 0.0452993 9.9991E-05 0.0698076
0.92749 9.99731E-05 9.99731E-05 0.0722102 9.99731E-05
9.99821E-05 0.0864482 9.99821E-05 0.912574 0.000777957
9.9973E-05 9.9973E-05 0.134498 9.9973E-05 0.865202
0.407247 9.9982E-05 0.220364 0.372189 9.9982E-05
9.9973E-05 9.9973E-05 0.975288 9.9973E-05 0.0244116
0.0263544 9.99821E-05 0.0428336 0.930612 9.99821E-05
0.0185808 9.9991E-05 0.0159378 0.863786 0.101595
9.9982E-05 9.9982E-05 0.39273 0.476698 0.130372
0.116159 0.0436833 9.9982E-05 0.839958 9.9982E-05
0.184228 0.125036 0.0791142 0.106145 0.505477
9.9982E-05 0.969164 0.0167273 0.0139083 9.9982E-05
0.653752 9.9973E-05 9.9973E-05 0.345948 9.9973E-05
9.99731E-05 0.305674 9.99731E-05 9.99731E-05 0.694026
0.209885 0.0968733 0.644578 0.0485647 9.9991E-05
9.99732E-05 9.99732E-05 9.99732E-05 0.0399449 0.959755
9.99731E-05 9.99731E-05 0.761013 9.99731E-05 0.238687
9.997E-05 0.9996 9.997E-05 9.997E-05 9.997E-05
9.997E-05 0.9996 9.997E-05 9.997E-05 9.997E-05
0.72387 0.27583 9.9973E-05 9.9973E-05 9.9973E-05
9.9982E-05 0.106976 0.854871 0.0379528 9.9982E-05
0.0363833 0.028532 0.100805 9.9991E-05 0.83418
9.9982E-05 0.00168672 0.017629 0.980484 9.9982E-05
9.99731E-05 9.99731E-05 0.769613 0.230087 9.99731E-05
0.059461 9.9973E-05 0.940239 9.9973E-05 9.9973E-05
0.466331 0.338058 0.0647603 9.9991E-05 0.13075
0.030971 9.99821E-05 0.86953 9.99821E-05 0.0992991
9.9973E-05 9.9973E-05 0.81608 9.9973E-05 0.18362
9.99731E-05 9.99731E-05 0.143664 9.99731E-05 0.856036
0.153248 9.99731E-05 9.99731E-05 0.846452 9.99731E-05
9.997E-05 0.9996 9.997E-05 9.997E-05 9.997E-05
0.692721 9.99731E-05 9.99731E-05 0.306979 9.99731E-05
9.9973E-05 9.9973E-05 9.9973E-05 0.0478998 0.9518
9.9973E-05 9.9973E-05 0.165966 0.833734 9.9973E-05
9.99731E-05 9.99731E-05 0.747778 0.251922 9.99731E-05
0.528934 9.99821E-05 9.99821E-05 0.374283 0.096583
0.0922027 9.9982E-05 0.355163 0.552435 9.9982E-05
