9.9973E-05 0.116733 9.9973E-05 0.882967 9.9973E-05
9.9973E-05 9.9973E-05 9.9973E-05 0.84202 0.15768
9.9982E-05 0.510357 9.9982E-05 0.464547 0.024896
9.99731E-05 0.0104064 9.99731E-05 9.99731E-05 0.989294
0.346591 0.628842 9.9982E-05 9.9982E-05 0.0243667
9.9982E-05 0.00175762 0.81904 0.179003 9.9982E-05
0.0367479 0.792366 0.0820245 9.9991E-05 0.0887613
9.99731E-05 9.99731E-05 9.99731E-05 0.556966 0.442734
0.257434 9.99731E-05 0.742266 9.99731E-05 9.99731E-05
0.290414 0.709286 9.9973E-05 9.9973E-05 9.9973E-05
9.997E-05 0.9996 9.997E-05 9.997E-05 9.997E-05
9.9982E-05 9.9982E-05 0.0594626 0.414872 0.525466
0.405084 0.516397 0.0783183 9.9982E-05 9.9982E-05
9.999E-05 0.811245 0.0122391 0.0739745 0.102441
0.605711 0.393989 9.99731E-05 9.99731E-05 9.99731E-05
0.813041 9.9982E-05 0.113565 0.0731941 9.9982E-05
9.9973E-05 9.9973E-05 9.9973E-05 0.0683677 0.931332
0.404205 0.280304 0.31529 9.9982E-05 9.9982E-05
9.9973E-05 9.9973E-05 0.946977 9.9973E-05 0.0527227
0.815746 9.9982E-05 0.137165 9.9982E-05 0.0468885
0.78156 9.9991E-05 0.134108 0.0292586 0.0549737
0.309831 9.9982E-05 0.503937 9.9982E-05 0.186032
0.889249 0.00315219 0.107399 9.9982E-05 9.9982E-05
0.214461 0.125585 9.9982E-05 9.9982E-05 0.659754
9.9991E-05 0.781128 0.0573303 0.108207 0.053235
0.698388 0.301313 9.9973E-05 9.9973E-05 9.9973E-05
9.9982E-05 0.14325 9.9982E-05 0.0695748 0.786976
0.143879 0.170195 0.462361 9.999E-05 0.223465
9.997E-05 9.997E-05 9.997E-05 0.9996 9.997E-05
9.99731E-05 9.99731E-05 0.526849 9.99731E-05 0.472851
9.997E-05 0.9996 9.997E-05 9.997E-05 9.997E-05
9.997E-05 0.9996 9.997E-05 9.997E-05 9.997E-05
0.0669616 0.932739 9.9973E-05 9.9973E-05 9.9973E-05
9.9973E-05 0.0474965 0.952204 9.9973E-05 9.9973E-05
9.997E-05 9.997E-05 9.997E-05 9.997E-05 0.9996
0.71522 9.998E-05 0.255583 0.028997 9.998E-05
0.145036 9.9982E-05 0.792466 0.0622974 9.9982E-05
9.9973E-05 0.0803352 0.919365 9.9973E-05 9.9973E-05
0.101253 0.628414 0.0969721 0.173261 9.999E-05
9.997E-05 9.997E-05 0.692784 9.997E-05 0.306916
9.997E-05 9.997E-05 0.681554 9.997E-05 0.318146
9.9982E-05 9.9982E-05 0.0802542 0.263964 0.655582
0.97464 9.997E-05 9.997E-05 9.997E-05 0.02506
9.9973E-05 0.833835 9.9973E-05 0.165865 9.9973E-05
0.784307 0.215393 9.9973E-05 9.9973E-05 9.9973E-05
9.99731E-05 9.99731E-05 9.99731E-05 0.328546 0.671154
0.618977 9.9982E-05 0.352414 0.0284099 9.9982E-05
0.0825157 9.997E-05 0.917184 9.997E-05 9.997E-05
0.807347 0.0486766 9.9991E-05 0.0292201 0.114656
0.52558 9.9982E-05 0.308386 9.9982E-05 0.165834
