9.99821E-05 0.0762567 0.271911 9.99821E-05 0.651633
9.9973E-05 0.0734488 9.9973E-05 9.9973E-05 0.926251
9.9973E-05 9.9973E-05 0.571378 9.9973E-05 0.428322
9.99821E-05 9.99821E-05 0.129349 0.272237 0.598213
0.88642 9.9973E-05 0.11328 9.9973E-05 9.9973E-05
9.9982E-05 0.0412003 0.0769765 0.881623 9.9982E-05
0.103004 0.0992784 0.778265 0.0193524 9.9991E-05
9.9982E-05 0.0169842 0.115322 9.9982E-05 0.867494
9.99731E-05 0.552226 9.99731E-05 0.447474 9.99731E-05
0.799521 9.99731E-05 0.200179 9.99731E-05 9.99731E-05
0.309932 9.99731E-05 0.689768 9.99731E-05 9.99731E-05
9.9973E-05 9.9973E-05 9.9973E-05 0.182348 0.817352
0.609244 0.0614641 0.152535 0.0921714 0.0845852
0.0331928 9.9991E-05 0.900409 0.025152 0.0411463
0.991776 9.99731E-05 9.99731E-05 0.00792376 9.99731E-05
9.99731E-05 0.906623 0.093077 9.99731E-05 9.99731E-05
9.9982E-05 9.9982E-05 0.0183594 0.168384 0.813057
0.163723 0.433748 0.218095 0.184334 9.9991E-05
9.997E-05 9.997E-05 9.997E-05 0.9996 9.997E-05
9.997E-05 0.9996 9.997E-05 9.997E-05 9.997E-05
0.0870284 0.855009 9.99821E-05 9.99821E-05 0.0577631
9.99821E-05 0.5434 9.99821E-05 0.349471 0.106929
0.10395 0.860337 0.0355127 9.9982E-05 9.9982E-05
9.999E-05 0.195851 0.325051 0.0799697 0.399029
9.99731E-05 9.99731E-05 0.90303 0.0966698 9.99731E-05
0.830576 0.169124 9.9973E-05 9.9973E-05 9.9973E-05
9.9982E-05 9.9982E-05 0.330394 0.151386 0.518019
0.30879 0.0312159 0.0318336 0.62806 9.9991E-05
9.99732E-05 0.0072714 9.99732E-05 9.99732E-05 0.992429
9.99731E-05 9.99731E-05 9.99731E-05 0.815196 0.184504
9.997E-05 9.997E-05 0.9996 9.997E-05 9.997E-05
9.997E-05 9.997E-05 0.9996 9.997E-05 9.997E-05
0.458152 9.9973E-05 0.541548 9.9973E-05 9.9973E-05
9.9982E-05 0.0510418 0.0783949 0.870363 9.9982E-05
9.9982E-05 9.9982E-05 0.120817 0.187299 0.691684
9.9973E-05 0.920582 9.9973E-05 0.079118 9.9973E-05
9.9973E-05 0.229549 9.9973E-05 0.770152 9.9973E-05
9.9982E-05 0.127032 0.0476224 0.825146 9.9982E-05
9.9991E-05 0.18999 0.77935 0.00457326 0.0259866
0.0363673 9.9982E-05 9.9982E-05 0.906174 0.0572584
9.9973E-05 9.9973E-05 9.9973E-05 0.855858 0.143842
9.9973E-05 9.9973E-05 9.9973E-05 0.262882 0.736818
0.307807 0.691893 9.99731E-05 9.99731E-05 9.99731E-05
9.9973E-05 9.9973E-05 0.95256 9.9973E-05 0.0471403
0.953355 0.0463454 9.99731E-05 9.99731E-05 9.99731E-05
9.99731E-05 0.024482 9.99731E-05 9.99731E-05 0.975218
9.9973E-05 0.866986 9.9973E-05 0.132714 9.9973E-05
9.99731E-05 0.183605 9.99731E-05 0.816095 9.99731E-05
0.640014 0.243737 9.99821E-05 9.99821E-05 0.116049
9.99731E-05 0.807194 9.99731E-05 0.192506 9.99731E-05
