0.703952 9.9991E-05 0.197512 0.0587944 0.0396413
0.943247 9.9973E-05 9.9973E-05 0.0564531 9.9973E-05
0.39052 9.9982E-05 0.597795 0.011485 9.9982E-05
0.460241 0.30905 0.23051 9.99821E-05 9.99821E-05
0.0109348 9.9982E-05 0.109817 9.9982E-05 0.879048
9.9982E-05 0.828359 0.0660762 0.105364 9.9982E-05
9.9991E-05 0.0472868 0.837254 0.0795506 0.0358086
0.852553 9.99731E-05 0.147147 9.99731E-05 9.99731E-05
9.9973E-05 0.470947 9.9973E-05 0.528753 9.9973E-05
9.9973E-05 9.9973E-05 0.287357 9.9973E-05 0.712343
9.99731E-05 9.99731E-05 0.644759 9.99731E-05 0.354941
0.911498 0.0882017 9.9973E-05 9.9973E-05 9.9973E-05
0.0269386 0.119369 0.210854 0.0362615 0.606577
0.0733883 9.99821E-05 0.891114 0.0352976 9.99821E-05
9.997E-05 9.997E-05 9.997E-05 9.997E-05 0.9996
9.99731E-05 9.99731E-05 0.072977 0.926723 9.99731E-05
0.875856 0.102257 0.0167285 9.9991E-05 0.00505862
9.999E-05 0.108211 0.258936 0.600468 0.0322852
0.00314483 0.996555 9.9973E-05 9.9973E-05 9.9973E-05
9.99731E-05 9.99731E-05 9.99731E-05 0.943242 0.056458
0.0786615 0.101989 9.9991E-05 0.734872 0.0843771
0.154407 0.401879 9.9991E-05 0.401826 0.0417885
9.99821E-05 9.99821E-05 0.0505674 0.813124 0.136109
0.475162 0.128979 0.191429 0.20433 9.9991E-05
9.9982E-05 0.0543573 0.921975 0.0234675 9.9982E-05
9.9973E-05 9.9973E-05 9.9973E-05 0.281088 0.718612
0.478138 0.233058 0.288603 9.998E-05 9.998E-05
9.99821E-05 0.602612 0.0760007 9.99821E-05 0.321188
0.9996 9.997E-05 9.997E-05 9.997E-05 9.997E-05
0.2959 0.642354 9.99821E-05 0.0615465 9.99821E-05
9.997E-05 9.997E-05 0.9996 9.997E-05 9.997E-05
9.997E-05 9.997E-05 0.9996 9.997E-05 9.997E-05
9.997E-05 9.997E-05 0.532047 9.997E-05 0.467653
9.9982E-05 0.848245 0.0767441 0.0748109 9.9982E-05
0.71391 0.239533 0.0463573 9.9982E-05 9.9982E-05
0.0503718 9.9973E-05 9.9973E-05 0.949328 9.9973E-05
9.9973E-05 0.70756 9.9973E-05 0.29214 9.9973E-05
9.9982E-05 0.823764 0.0543632 0.121673 9.9982E-05
0.101234 0.0512076 0.547443 0.110099 0.190017
0.004711 0.949114 9.99821E-05 9.99821E-05 0.0459752
0.178336 0.821364 9.9973E-05 9.9973E-05 9.9973E-05
0.802214 0.197486 9.99731E-05 9.99731E-05 9.99731E-05
9.99731E-05 9.99731E-05 9.99731E-05 0.74015 0.25955
0.0081375 9.9973E-05 0.991563 9.9973E-05 9.9973E-05
9.99731E-05 9.99731E-05 9.99731E-05 0.0621026 0.937598
0.954533 9.99731E-05 9.99731E-05 0.0451671 9.99731E-05
9.9973E-05 0.0871193 9.9973E-05 0.912581 9.9973E-05
9.997E-05 0.853753 9.997E-05 0.145947 9.997E-05
0.0660039 0.0534341 9.999E-05 0.0399268 0.840535
9.9991E-05 0.195182 0.00331382 0.773042 0.0283619
