9.9982E-05 9.9982E-05 0.134082 0.626404 0.239313
9.9973E-05 9.9973E-05 0.0690274 0.930673 9.9973E-05
9.9982E-05 9.9982E-05 0.00618326 0.390189 0.603427
9.99821E-05 0.23097 9.99821E-05 0.632439 0.136391
0.917819 0.0253991 0.00152604 0.0551558 9.9991E-05
9.9973E-05 0.897915 9.9973E-05 9.9973E-05 0.101785
0.34866 0.0346447 0.0724597 9.9991E-05 0.544136
9.99731E-05 9.99731E-05 9.99731E-05 0.998746 0.000954383
9.99731E-05 0.569084 0.430616 9.99731E-05 9.99731E-05
0.9996 9.997E-05 9.997E-05 9.997E-05 9.997E-05
0.903513 9.99731E-05 9.99731E-05 9.99731E-05 0.0961867
9.997E-05 0.0268162 9.997E-05 0.972884 9.997E-05
0.394957 0.0719923 0.330485 9.9991E-05 0.202466
0.126425 0.0686295 9.9991E-05 0.0138666 0.790979
0.840396 0.0579062 0.101498 9.99821E-05 9.99821E-05
9.99731E-05 9.99731E-05 0.945694 9.99731E-05 0.054006
9.997E-05 0.0870188 9.997E-05 0.912681 9.997E-05
0.454195 0.172627 0.372978 9.9982E-05 9.9982E-05
9.9973E-05 0.912636 9.9973E-05 0.087064 9.9973E-05
9.997E-05 9.997E-05 0.9996 9.997E-05 9.997E-05
0.0539411 0.145033 0.800826 9.99821E-05 9.99821E-05
9.99821E-05 0.350517 0.506844 0.142439 9.99821E-05
0.121204 9.9982E-05 0.825059 9.9982E-05 0.0535377
0.125834 0.17205 0.0699368 0.421147 0.211032
9.9973E-05 0.11998 9.9973E-05 9.9973E-05 0.87972
0.538266 9.9973E-05 0.461434 9.9973E-05 9.9973E-05
9.99821E-05 0.120717 9.99821E-05 0.451796 0.427287
0.164753 0.565819 0.107643 9.999E-05 0.161685
9.99732E-05 9.99732E-05 0.0233643 0.976336 9.99732E-05
9.99731E-05 0.631783 9.99731E-05 0.367917 9.99731E-05
0.0130056 9.99731E-05 9.99731E-05 9.99731E-05 0.986694
9.997E-05 9.997E-05 9.997E-05 9.997E-05 0.9996
0.714956 9.9973E-05 9.9973E-05 9.9973E-05 0.284745
9.9982E-05 0.933287 0.00692684 9.9982E-05 0.0595859
9.9982E-05 0.100106 9.9982E-05 0.810284 0.0894096
9.9991E-05 0.0432566 0.943564 0.0102504 0.00282911
9.9973E-05 0.803595 0.196105 9.9973E-05 9.9973E-05
0.00658072 0.916934 9.9982E-05 9.9982E-05 0.0762857
0.601353 9.99821E-05 9.99821E-05 0.26614 0.132307
0.050129 0.891855 9.99821E-05 0.0578159 9.99821E-05
9.9973E-05 0.724773 9.9973E-05 0.274927 9.9973E-05
9.99731E-05 0.088544 9.99731E-05 0.911156 9.99731E-05
0.123996 9.99731E-05 0.875704 9.99731E-05 9.99731E-05
9.997E-05 9.997E-05 9.997E-05 0.0391178 0.960582
0.64458 9.99731E-05 0.35512 9.99731E-05 9.99731E-05
9.99731E-05 9.99731E-05 0.0258843 0.973816 9.99731E-05
9.9973E-05 0.231737 0.767963 9.9973E-05 9.9973E-05
9.99731E-05 0.924402 0.0752986 9.99731E-05 9.99731E-05
0.434959 9.99821E-05 0.52834 0.0365009 9.99821E-05
0.108699 0.318963 0.572138 9.9982E-05 9.9982E-05
