0.764287 0.0673148 0.168298 9.9991E-05
0.961846 0.0379539 9.9982E-05 9.9982E-05
0.44543 0.0126205 0.54185 9.9991E-05
0.661848 9.9991E-05 0.135769 0.202283
9.9982E-05 0.427769 0.572031 9.9982E-05
0.0895422 9.9991E-05 0.0474351 0.862923
0.0437104 0.0364829 0.832326 0.0874809
0.950257 0.010796 0.0388471 9.9991E-05
9.99821E-05 0.217377 9.99821E-05 0.782423
9.9982E-05 0.270694 0.729106 9.9982E-05
9.998E-05 9.998E-05 0.9997 9.998E-05
0.941896 9.9982E-05 9.9982E-05 0.0579042
9.999E-05 0.485607 0.424574 0.0897186
0.0656601 9.9991E-05 0.86963 0.0646098
9.9982E-05 0.587398 0.412402 9.9982E-05
9.9991E-05 0.727449 0.0336035 0.238847
0.793078 9.9991E-05 0.0343178 0.172504
9.9991E-05 0.401566 0.275893 0.322441
0.0871513 9.9982E-05 9.9982E-05 0.912649
9.9982E-05 0.909035 9.9982E-05 0.0907647
0.0370491 0.690127 9.9991E-05 0.272724
0.0390189 0.296661 9.9991E-05 0.66422
9.9991E-05 0.859555 0.0371352 0.10321
0.497601 0.13526 0.228825 0.138313
0.135726 9.9991E-05 0.825543 0.0386311
9.9982E-05 0.773479 0.226321 9.9982E-05
0.572915 9.9991E-05 0.332139 0.0948454
9.9991E-05 0.182462 0.213481 0.603957
0.9997 9.998E-05 9.998E-05 9.998E-05
0.283834 9.99821E-05 9.99821E-05 0.715966
9.998E-05 9.998E-05 0.9997 9.998E-05
9.998E-05 9.998E-05 0.9997 9.998E-05
9.9982E-05 0.0874788 0.912321 9.9982E-05
9.9982E-05 9.9982E-05 0.103736 0.896064
0.745269 9.9991E-05 0.0295133 0.225117
9.9982E-05 0.69949 9.9982E-05 0.30031
9.9982E-05 0.0893976 9.9982E-05 0.910402
9.9982E-05 9.9982E-05 0.0436967 0.956103
0.194781 0.100306 0.691595 0.013318
0.072147 9.99821E-05 9.99821E-05 0.927653
0.23943 9.9982E-05 9.9982E-05 0.76037
0.868369 9.9982E-05 9.9982E-05 0.131431
9.998E-05 0.9997 9.998E-05 9.998E-05
0.136559 9.9982E-05 0.863241 9.9982E-05
9.9982E-05 0.793689 0.206111 9.9982E-05
0.9997 9.998E-05 9.998E-05 9.998E-05
9.9982E-05 0.607004 9.9982E-05 0.392796
9.99821E-05 0.11812 9.99821E-05 0.88168
0.113744 0.794799 0.0913567 9.9991E-05
9.9982E-05 0.555037 9.9982E-05 0.444763
