0.0680609 9.9991E-05 0.716482 0.215357
0.0242837 9.9982E-05 0.975516 9.9982E-05
9.9982E-05 9.9982E-05 0.490468 0.509332
9.999E-05 0.203625 0.68609 0.110186
0.450759 9.9982E-05 9.9982E-05 0.549041
9.9982E-05 0.910526 9.9982E-05 0.0892741
0.0526643 0.0777864 9.9991E-05 0.869449
0.0220519 9.99821E-05 0.977748 9.99821E-05
0.187215 0.812585 9.9982E-05 9.9982E-05
0.317496 9.9982E-05 9.9982E-05 0.682304
0.0979378 9.99821E-05 9.99821E-05 0.901862
0.00426716 0.0237388 0.971894 9.9991E-05
0.498645 0.0579752 0.0655751 0.377805
9.999E-05 0.0657949 0.0453336 0.888771
0.73608 9.9982E-05 9.9982E-05 0.26372
0.800884 0.198916 9.99821E-05 9.99821E-05
9.9991E-05 0.0215203 0.963622 0.0147574
0.396718 0.37035 9.9991E-05 0.232832
9.9982E-05 0.952865 0.0469354 9.9982E-05
0.819025 0.180775 9.99821E-05 9.99821E-05
0.690203 0.273574 0.0361238 9.9991E-05
0.290878 0.582492 0.12653 9.9991E-05
0.871539 0.11154 0.015045 0.00187638
0.169482 0.150462 0.454476 0.22558
9.9991E-05 0.0623139 0.0838263 0.85376
0.873241 9.9982E-05 9.9982E-05 0.126559
9.9991E-05 0.0313842 0.700471 0.268045
0.154931 0.537816 9.9991E-05 0.307153
0.00376216 9.99821E-05 0.996038 9.99821E-05
9.99821E-05 0.584196 0.415604 9.99821E-05
9.998E-05 9.998E-05 9.998E-05 0.9997
9.998E-05 9.998E-05 9.998E-05 0.9997
0.0992294 9.9982E-05 9.9982E-05 0.900571
9.9982E-05 0.921234 9.9982E-05 0.0785663
9.9991E-05 0.0372335 0.862304 0.100363
0.592485 0.407315 9.9982E-05 9.9982E-05
0.0421656 0.906089 0.0516456 9.9991E-05
9.9982E-05 0.921611 9.9982E-05 0.0781893
0.0303342 0.13497 0.0431065 0.791589
9.99821E-05 0.837431 0.162369 9.99821E-05
9.9982E-05 0.660459 0.339341 9.9982E-05
9.9982E-05 0.093474 0.906326 9.9982E-05
0.986974 0.0128259 9.99821E-05 9.99821E-05
9.9982E-05 9.9982E-05 0.112371 0.887429
0.864477 9.9982E-05 9.9982E-05 0.135323
9.998E-05 9.998E-05 0.9997 9.998E-05
0.589508 0.410292 9.9982E-05 9.9982E-05
0.0214229 0.978377 9.99821E-05 9.99821E-05
0.846402 9.9991E-05 0.103901 0.0495965
0.51577 0.48403 9.9982E-05 9.9982E-05
