9.9991E-05 0.159535 0.767942 0.0724235
9.9982E-05 9.9982E-05 0.949435 0.0503651
9.9982E-05 0.455088 0.544712 9.9982E-05
0.260025 0.224222 0.515653 9.9991E-05
9.9982E-05 0.470055 9.9982E-05 0.529745
0.832829 0.0608324 0.106239 9.9991E-05
0.132163 0.838484 9.9991E-05 0.0292525
9.9982E-05 0.0609107 0.938889 9.9982E-05
0.837773 9.9982E-05 9.9982E-05 0.162027
9.9982E-05 0.626416 9.9982E-05 0.373384
9.99821E-05 0.926967 9.99821E-05 0.0728329
0.0848468 9.9991E-05 0.88632 0.0287336
0.06817 0.355036 0.0328051 0.543989
0.0518138 0.847853 0.100233 9.9991E-05
9.9982E-05 0.273644 9.9982E-05 0.726156
0.338739 9.9991E-05 0.00274074 0.65842
0.0789512 9.9982E-05 0.920849 9.9982E-05
0.297851 0.176055 9.9991E-05 0.525994
0.922004 9.9982E-05 0.0777959 9.9982E-05
0.276536 9.9982E-05 9.9982E-05 0.723264
0.382157 9.9991E-05 0.0543443 0.563399
0.676995 0.00360944 0.0567761 0.26262
0.194718 9.9982E-05 9.9982E-05 0.805082
0.133614 0.215741 0.560191 0.0904539
0.0136183 0.821427 0.164855 9.9991E-05
9.9982E-05 0.0708732 9.9982E-05 0.928927
9.99821E-05 0.28335 0.71645 9.99821E-05
0.656346 0.255639 9.9991E-05 0.0879147
9.99821E-05 9.99821E-05 0.927921 0.0718794
0.628075 9.99821E-05 0.371725 9.99821E-05
9.998E-05 0.9997 9.998E-05 9.998E-05
9.998E-05 0.9997 9.998E-05 9.998E-05
9.9982E-05 0.846923 9.9982E-05 0.152877
0.923085 0.0767153 9.9982E-05 9.9982E-05
0.048246 0.0592269 0.892427 9.9991E-05
0.372613 9.9982E-05 9.9982E-05 0.627187
0.97468 9.9982E-05 9.9982E-05 0.0251197
0.938786 0.035507 0.025607 9.9991E-05
0.0729919 0.701795 0.142861 0.0823515
0.816816 9.99821E-05 0.182984 9.99821E-05
0.665235 9.9982E-05 0.334565 9.9982E-05
0.0576644 9.9982E-05 0.942136 9.9982E-05
0.0346627 9.9991E-05 0.0039309 0.961306
9.9982E-05 0.886193 0.113607 9.9982E-05
9.9982E-05 0.160837 9.9982E-05 0.838963
9.998E-05 9.998E-05 0.9997 9.998E-05
0.50121 9.9982E-05 9.9982E-05 0.49859
0.931105 9.99821E-05 9.99821E-05 0.0686946
9.9991E-05 0.00476785 0.185478 0.809655
0.464044 9.9982E-05 9.9982E-05 0.535756
