0.697947 0.15634 9.9991E-05 0.145613
0.980548 9.9982E-05 9.9982E-05 0.0192519
0.480349 0.519451 9.9982E-05 9.9982E-05
0.638863 0.138456 0.222581 9.9991E-05
9.9982E-05 0.540021 9.9982E-05 0.459779
0.00977609 0.0449971 0.945127 9.9991E-05
9.9982E-05 0.869046 0.130754 9.9982E-05
0.89456 0.10524 9.99821E-05 9.99821E-05
9.9982E-05 9.9982E-05 0.759529 0.240271
9.9982E-05 0.705901 9.9982E-05 0.293899
9.99821E-05 0.976375 9.99821E-05 0.0234253
0.9997 9.998E-05 9.998E-05 9.998E-05
9.9991E-05 0.548535 0.105718 0.345646
0.0854985 0.833859 0.0805429 9.9991E-05
9.9982E-05 0.417993 9.9982E-05 0.581807
9.99821E-05 9.99821E-05 0.240274 0.759526
0.970654 0.0212887 0.00795708 9.9991E-05
9.9991E-05 0.289531 0.353351 0.357018
0.0715972 9.9982E-05 0.928203 9.9982E-05
9.9982E-05 9.9982E-05 0.109865 0.889935
0.0349066 9.9991E-05 0.28187 0.683124
0.0978438 9.9991E-05 0.556634 0.345423
9.9991E-05 0.0169179 0.194986 0.787996
0.577344 0.169297 0.105041 0.148319
0.0761934 0.815893 0.107814 9.9991E-05
9.9982E-05 0.166888 9.9982E-05 0.832912
0.666017 0.24601 0.0878729 9.9991E-05
9.9991E-05 0.272506 0.604853 0.122542
0.986361 9.99821E-05 9.99821E-05 0.0134386
0.431366 9.99821E-05 0.568435 9.99821E-05
9.998E-05 0.9997 9.998E-05 9.998E-05
9.998E-05 0.9997 9.998E-05 9.998E-05
9.9982E-05 0.873819 9.9982E-05 0.125981
9.9982E-05 0.079269 0.920531 9.9982E-05
0.892199 0.00726418 0.100437 9.9991E-05
9.9982E-05 9.9982E-05 0.300133 0.699667
9.9982E-05 9.9982E-05 0.88857 0.11123
0.0238182 0.0538277 0.922254 9.9991E-05
0.107905 0.731756 0.0877082 0.0726302
0.179872 9.99821E-05 0.819928 9.99821E-05
0.355513 9.9982E-05 0.644287 9.9982E-05
0.918625 9.9982E-05 0.081175 9.9982E-05
0.0295279 9.9982E-05 9.9982E-05 0.970272
0.0968543 0.900564 0.00248142 9.9991E-05
9.9982E-05 0.189786 9.9982E-05 0.810014
0.9997 9.998E-05 9.998E-05 9.998E-05
9.9982E-05 9.9982E-05 0.435117 0.564683
9.99821E-05 9.99821E-05 0.977425 0.022375
0.0956546 0.121236 9.9991E-05 0.783009
9.9982E-05 9.9982E-05 0.438136 0.561664
