0.706924 9.9991E-05 0.0648827 0.228094
0.9997 9.998E-05 9.998E-05 9.998E-05
0.552262 9.9991E-05 0.0186133 0.429025
0.619945 0.221045 9.9991E-05 0.15891
9.9982E-05 9.9982E-05 0.373538 0.626262
0.0564623 0.860001 9.9991E-05 0.0834366
9.999E-05 0.0930994 0.0564367 0.850364
0.93103 9.99821E-05 9.99821E-05 0.0687701
9.9982E-05 0.752959 0.246841 9.9982E-05
9.9982E-05 9.9982E-05 0.276972 0.722828
9.99821E-05 9.99821E-05 0.0671875 0.932612
0.950573 0.0492268 9.9982E-05 9.9982E-05
9.999E-05 0.128075 0.391942 0.479883
0.0824502 0.0836301 9.9991E-05 0.83382
9.9982E-05 9.9982E-05 0.591789 0.408011
9.9991E-05 0.202676 0.778537 0.0186869
0.933059 0.0616199 9.9991E-05 0.00522126
9.9991E-05 0.325273 0.400654 0.273973
9.998E-05 0.9997 9.998E-05 9.998E-05
0.00329562 0.124244 0.87236 9.9991E-05
0.00318748 0.276002 0.720711 9.9991E-05
0.142514 0.51143 0.345956 9.9991E-05
9.9991E-05 0.141291 0.792866 0.0657425
0.50719 0.147762 0.11874 0.226308
0.0930018 0.0951834 9.9991E-05 0.811715
9.9982E-05 9.9982E-05 0.78359 0.21621
0.652823 9.9982E-05 9.9982E-05 0.346977
9.9991E-05 0.583586 0.134376 0.281938
0.9997 9.998E-05 9.998E-05 9.998E-05
0.386567 0.613233 9.99821E-05 9.99821E-05
9.998E-05 9.998E-05 9.998E-05 0.9997
9.998E-05 9.998E-05 9.998E-05 0.9997
9.9982E-05 9.9982E-05 0.0393536 0.960446
9.9982E-05 0.965173 9.9982E-05 0.0346269
0.880025 0.0645602 9.9991E-05 0.0553152
9.9982E-05 0.326657 0.673143 9.9982E-05
0.00344364 0.904771 0.0916849 9.9991E-05
9.9982E-05 0.966645 9.9982E-05 0.0331555
0.00612545 0.149977 0.0788675 0.76503
0.0816498 0.889003 0.0292473 9.9991E-05
0.25694 0.74286 9.9982E-05 9.9982E-05
0.896556 0.103244 9.9982E-05 9.9982E-05
9.998E-05 9.998E-05 0.9997 9.998E-05
0.0680528 9.9982E-05 9.9982E-05 0.931747
9.9982E-05 9.9982E-05 0.750527 0.249273
0.987564 9.9982E-05 0.0122358 9.9982E-05
9.9982E-05 0.39414 0.60566 9.9982E-05
9.99821E-05 0.901708 0.0980925 9.99821E-05
0.0838193 9.9991E-05 0.785585 0.130496
9.9982E-05 0.415597 0.584203 9.9982E-05
