0.058093 0.195334 0.746473 9.9991E-05
9.998E-05 9.998E-05 0.9997 9.998E-05
9.9982E-05 0.540411 0.459389 9.9982E-05
9.999E-05 0.0606699 0.616933 0.322297
0.361782 0.638018 9.9982E-05 9.9982E-05
9.9982E-05 0.0541154 9.9982E-05 0.945685
0.030241 0.837884 9.9991E-05 0.131775
0.0103128 0.0444323 0.945155 9.9991E-05
0.308799 9.9982E-05 9.9982E-05 0.691001
0.346335 0.653465 9.9982E-05 9.9982E-05
9.998E-05 0.9997 9.998E-05 9.998E-05
9.9982E-05 9.9982E-05 0.845193 0.154607
0.41114 0.460646 0.0288638 0.0993495
9.999E-05 0.859793 0.0675053 0.0726013
0.617962 0.381838 9.9982E-05 9.9982E-05
0.865402 9.99821E-05 9.99821E-05 0.134398
9.9982E-05 9.9982E-05 0.870816 0.128984
0.436266 0.255432 9.9991E-05 0.308203
9.998E-05 9.998E-05 0.00766335 0.992137
0.859509 9.9991E-05 0.0269955 0.113395
0.775013 9.9991E-05 0.0299527 0.194935
0.330661 9.9991E-05 0.0913728 0.577866
0.868109 0.0124343 9.9991E-05 0.119357
0.0397853 0.321134 0.353443 0.285639
9.998E-05 0.8452 9.998E-05 0.1546
0.769116 0.230684 9.9982E-05 9.9982E-05
9.9991E-05 0.298193 0.602783 0.0989234
0.188141 0.220386 9.9991E-05 0.591374
9.998E-05 9.998E-05 0.9997 9.998E-05
9.998E-05 9.998E-05 0.235562 0.764239
9.9982E-05 0.978431 0.0213692 9.9982E-05
9.998E-05 0.9997 9.998E-05 9.998E-05
0.0645945 0.935206 9.9982E-05 9.9982E-05
9.9982E-05 0.0463659 9.9982E-05 0.953434
9.9991E-05 0.110188 0.727855 0.161858
0.749358 9.9991E-05 0.0137517 0.23679
0.0966829 9.9982E-05 9.9982E-05 0.903117
0.0534773 0.0374364 9.9991E-05 0.908986
0.123386 0.687246 0.161032 0.0283355
9.9991E-05 0.00358259 0.0410499 0.955268
9.9982E-05 9.9982E-05 0.188819 0.810981
9.9982E-05 9.9982E-05 0.780583 0.219217
0.973432 9.9982E-05 9.9982E-05 0.0263682
9.9982E-05 0.883229 0.116571 9.9982E-05
0.769389 0.230411 9.99821E-05 9.99821E-05
0.00631457 9.9982E-05 0.993485 9.9982E-05
0.610523 9.9982E-05 9.9982E-05 0.389277
0.112693 9.99821E-05 9.99821E-05 0.887107
0.682073 0.21432 0.103508 9.9991E-05
0.601877 9.9982E-05 9.9982E-05 0.397923
