9.9991E-05 0.120768 0.192771 0.68636
9.9982E-05 0.0257586 9.9982E-05 0.974041
9.9982E-05 9.9982E-05 0.497215 0.502585
0.269974 9.9991E-05 0.132463 0.597463
9.9982E-05 0.335502 0.664298 9.9982E-05
0.902244 9.9991E-05 0.0630208 0.0346354
0.090132 0.0457755 0.858588 0.00550469
9.99821E-05 0.0222355 9.99821E-05 0.977565
0.695926 0.303874 9.99821E-05 9.99821E-05
9.9982E-05 0.226882 0.772919 9.9982E-05
9.998E-05 9.998E-05 0.9997 9.998E-05
0.069303 9.9982E-05 9.9982E-05 0.930497
0.0984494 0.38502 0.516431 9.9991E-05
0.0700037 9.9991E-05 0.884371 0.0455254
9.9982E-05 0.499983 0.499817 9.9982E-05
0.0626173 0.853795 9.9991E-05 0.0834876
0.0957427 9.9982E-05 9.9982E-05 0.904057
0.241328 0.440433 0.31814 9.9991E-05
0.957648 9.9982E-05 9.9982E-05 0.0421517
0.087028 0.912772 9.9982E-05 9.9982E-05
0.160704 0.836171 9.9991E-05 0.00302501
0.521667 0.38649 9.9991E-05 0.0917429
9.9982E-05 0.920863 0.0789373 9.9982E-05
0.119586 0.153535 0.232729 0.49415
0.103117 9.9991E-05 0.79698 0.0998029
9.9982E-05 0.743492 0.256308 9.9982E-05
0.115494 9.9991E-05 0.289313 0.595093
0.59144 0.113934 0.294527 9.9991E-05
9.99821E-05 0.00981543 9.99821E-05 0.989985
0.659843 0.00277368 9.9991E-05 0.337284
9.9982E-05 9.9982E-05 0.972808 0.0269923
9.998E-05 9.998E-05 0.9997 9.998E-05
9.9982E-05 0.0494513 0.950349 9.9982E-05
0.915052 9.9982E-05 0.0847483 9.9982E-05
0.165398 9.9991E-05 0.0411883 0.793314
0.245711 0.754089 9.9982E-05 9.9982E-05
0.86743 0.13237 9.9982E-05 9.9982E-05
0.93259 0.0283011 0.0390087 9.9991E-05
0.0561728 0.0988912 0.64757 0.197366
0.896569 9.9991E-05 0.0173223 0.0860084
0.726211 9.9982E-05 9.9982E-05 0.273589
0.142176 9.9982E-05 9.9982E-05 0.857624
9.99821E-05 0.997137 9.99821E-05 0.00266272
9.9982E-05 9.9982E-05 0.823984 0.175816
9.9982E-05 0.67062 0.32918 9.9982E-05
9.998E-05 9.998E-05 9.998E-05 0.9997
0.351406 0.648394 9.9982E-05 9.9982E-05
0.9219 0.0778997 9.99821E-05 9.99821E-05
9.9991E-05 0.745493 0.183878 0.0705288
0.333121 0.666679 9.9982E-05 9.9982E-05
