9.9991E-05 0.205063 0.716714 0.0781227
9.9982E-05 9.9982E-05 0.946503 0.0532969
9.9982E-05 0.513057 0.486743 9.9982E-05
0.183086 0.10202 0.714794 9.9991E-05
9.9982E-05 0.670512 9.9982E-05 0.329288
0.910128 0.0643508 0.0254215 9.9991E-05
0.110539 0.869351 9.9991E-05 0.0200102
9.998E-05 9.998E-05 0.9997 9.998E-05
0.679719 9.9982E-05 9.9982E-05 0.320081
9.9982E-05 0.735787 9.9982E-05 0.264013
9.99821E-05 0.969524 9.99821E-05 0.0302756
0.0932545 9.9982E-05 0.906545 9.9982E-05
0.128127 0.528582 9.9991E-05 0.343191
0.016488 0.84759 0.135822 9.9991E-05
9.9982E-05 0.39694 9.9982E-05 0.60286
0.113596 0.0378463 0.0309884 0.817569
0.115332 0.0309703 0.853598 9.9991E-05
0.331797 0.290043 9.9991E-05 0.37806
0.962032 9.9982E-05 0.0377678 9.9982E-05
0.126691 9.99821E-05 9.99821E-05 0.873109
0.185825 9.9991E-05 0.0364872 0.777588
0.562738 9.9991E-05 0.145927 0.291235
0.0530705 0.0391258 9.9991E-05 0.907704
0.154722 0.249532 0.482079 0.113667
9.9982E-05 0.791902 0.207898 9.9982E-05
9.9982E-05 0.299528 9.9982E-05 0.700273
9.9982E-05 0.25277 0.74703 9.9982E-05
0.591894 0.336071 9.9991E-05 0.0719345
9.99821E-05 9.99821E-05 0.973768 0.0260316
0.61369 9.99821E-05 0.386111 9.99821E-05
9.998E-05 0.9997 9.998E-05 9.998E-05
9.998E-05 0.9997 9.998E-05 9.998E-05
9.9982E-05 0.952286 9.9982E-05 0.0475144
0.882802 0.116998 9.9982E-05 9.9982E-05
0.0669922 0.00449579 0.928412 9.9991E-05
0.220337 9.9982E-05 9.9982E-05 0.779463
0.884202 9.9982E-05 9.9982E-05 0.115598
0.923499 0.0763006 9.9982E-05 9.9982E-05
0.0994756 0.722933 0.10022 0.0773715
0.893656 9.99821E-05 0.106144 9.99821E-05
0.752263 9.9982E-05 0.247537 9.9982E-05
0.157469 9.9982E-05 0.842331 9.9982E-05
9.998E-05 9.998E-05 9.998E-05 0.9997
9.9982E-05 0.883523 0.116277 9.9982E-05
9.9982E-05 0.22031 9.9982E-05 0.77949
9.998E-05 9.998E-05 0.9997 9.998E-05
0.372102 9.9982E-05 9.9982E-05 0.627698
0.88714 9.99821E-05 9.99821E-05 0.11266
9.9991E-05 0.149115 0.108318 0.742467
0.452833 9.9991E-05 0.0446011 0.502466
