0.721968 0.041397 9.9991E-05 0.236535
0.982259 0.0175408 9.9982E-05 9.9982E-05
0.510072 0.00750668 9.9991E-05 0.482321
0.668818 9.9991E-05 0.199639 0.131442
9.9982E-05 0.416929 9.9982E-05 0.582871
0.000281395 9.9991E-05 0.940056 0.059563
0.00311787 0.119093 0.0942333 0.783555
0.965742 9.99821E-05 9.99821E-05 0.0340576
9.9982E-05 0.27603 0.72377 9.9982E-05
9.9982E-05 0.340732 9.9982E-05 0.659068
9.99821E-05 0.0968298 9.99821E-05 0.90297
0.93245 9.9982E-05 0.06735 9.9982E-05
9.999E-05 0.348843 0.101837 0.549221
0.0145507 9.9991E-05 0.0847333 0.900616
9.9982E-05 0.589237 9.9982E-05 0.410563
9.9982E-05 0.878436 0.121364 9.9982E-05
0.988041 9.99821E-05 9.99821E-05 0.0117594
9.9991E-05 0.451865 0.290348 0.257687
0.0215696 9.9982E-05 0.97823 9.9982E-05
0.0105192 0.918005 0.0713754 9.9991E-05
0.0797208 0.698158 0.222021 9.9991E-05
0.139093 0.291229 0.569578 9.9991E-05
9.9991E-05 0.944787 0.0450576 0.0100551
0.489148 0.102793 0.158665 0.249394
0.11403 9.9991E-05 0.0409803 0.844889
9.9982E-05 0.769248 9.9982E-05 0.230552
0.695793 9.99821E-05 9.99821E-05 0.304007
9.9991E-05 0.0936686 0.67912 0.227111
0.956647 0.0431531 9.99821E-05 9.99821E-05
0.386713 9.99821E-05 0.613087 9.99821E-05
9.998E-05 9.998E-05 9.998E-05 0.9997
9.998E-05 9.998E-05 9.998E-05 0.9997
9.9982E-05 0.103721 9.9982E-05 0.896079
9.9982E-05 9.9982E-05 0.943647 0.0561533
0.941207 9.9991E-05 0.0514807 0.00721249
9.9982E-05 0.701967 0.297834 9.9982E-05
9.9982E-05 0.0576152 0.942185 9.9982E-05
0.00966627 9.9991E-05 0.922867 0.0673667
9.9991E-05 0.0297826 0.220995 0.749123
0.220249 9.99821E-05 0.779552 9.99821E-05
0.320005 9.9982E-05 0.679795 9.9982E-05
0.877307 9.9982E-05 0.122493 9.9982E-05
0.0315479 0.946831 0.0215216 9.9991E-05
0.120831 9.9982E-05 9.9982E-05 0.878969
9.9982E-05 0.757285 9.9982E-05 0.242515
0.9997 9.998E-05 9.998E-05 9.998E-05
9.9982E-05 0.652874 0.346926 9.9982E-05
9.99821E-05 0.046805 0.952995 9.99821E-05
0.0939284 0.744178 9.9991E-05 0.161793
9.9982E-05 0.618376 0.381424 9.9982E-05
