9.9991E-05 0.090668 0.769784 0.139448
9.9982E-05 0.0700157 0.929784 9.9982E-05
9.9982E-05 9.9982E-05 0.572761 0.42704
0.202557 9.9991E-05 0.64248 0.154863
9.9982E-05 0.406711 9.9982E-05 0.593089
0.894429 9.9991E-05 0.0224439 0.0830268
0.110126 0.0845141 9.9991E-05 0.80526
9.99821E-05 0.00917366 0.990626 9.99821E-05
0.76165 0.23815 9.9982E-05 9.9982E-05
9.9982E-05 0.233301 9.9982E-05 0.766499
9.99821E-05 0.0364393 9.99821E-05 0.963361
0.04369 9.9982E-05 0.95611 9.9982E-05
0.102131 0.418213 9.9991E-05 0.479556
0.0830303 9.9991E-05 0.0339348 0.882935
9.9982E-05 0.572957 9.9982E-05 0.426843
0.112788 0.868563 9.9991E-05 0.0185494
0.0310512 9.9982E-05 0.968749 9.9982E-05
0.250426 0.438334 9.9991E-05 0.31114
0.9997 9.998E-05 9.998E-05 9.998E-05
0.122699 0.877101 9.99821E-05 9.99821E-05
0.252021 0.747779 9.9982E-05 9.9982E-05
0.557631 0.326658 0.11561 9.9991E-05
0.0669191 0.882158 0.0185633 0.0323593
0.146054 0.171684 0.506536 0.175725
0.0506613 9.9991E-05 0.157553 0.791686
9.9982E-05 0.748908 9.9982E-05 0.250892
0.00154374 9.9991E-05 0.739915 0.258441
0.619418 0.0747728 9.9991E-05 0.305709
9.99821E-05 0.0513799 0.94842 9.99821E-05
0.593673 9.99821E-05 0.406127 9.99821E-05
9.9982E-05 9.9982E-05 0.0467106 0.953089
9.998E-05 9.998E-05 9.998E-05 0.9997
9.9982E-05 0.016848 9.9982E-05 0.982952
0.940295 9.9982E-05 9.9982E-05 0.0595049
0.0775709 9.9991E-05 0.89993 0.0223992
0.217144 0.782656 9.9982E-05 9.9982E-05
0.915351 0.084449 9.9982E-05 9.9982E-05
0.919408 9.9982E-05 9.9982E-05 0.0803925
0.143928 0.0115915 0.0955554 0.748925
0.779667 0.0198822 0.193651 0.00679982
0.616426 9.9982E-05 0.383374 9.9982E-05
0.0189204 9.9982E-05 0.98088 9.9982E-05
9.9982E-05 0.965878 0.0339217 9.9982E-05
9.9982E-05 9.9982E-05 0.116992 0.882808
9.9982E-05 0.7118 9.9982E-05 0.288
9.998E-05 9.998E-05 0.9997 9.998E-05
0.378622 0.621178 9.9982E-05 9.9982E-05
0.888677 0.111123 9.99821E-05 9.99821E-05
9.9991E-05 0.744597 0.11883 0.136472
0.331802 0.667998 9.9982E-05 9.9982E-05
