0.694973 0.194481 0.110446 9.9991E-05
0.92203 9.9982E-05 0.07777 9.9982E-05
0.499909 0.499891 9.9982E-05 9.9982E-05
0.559626 0.16262 9.9991E-05 0.277654
9.9982E-05 0.717705 0.282095 9.9982E-05
0.00348719 0.0410436 9.9991E-05 0.955369
9.999E-05 0.865447 0.037524 0.0969291
0.995007 9.99821E-05 0.00479323 9.99821E-05
9.9982E-05 9.9982E-05 0.420203 0.579597
9.9982E-05 0.836819 0.162981 9.9982E-05
9.998E-05 0.9997 9.998E-05 9.998E-05
0.876635 9.9982E-05 9.9982E-05 0.123165
0.018625 0.481796 0.446505 0.0530741
0.154527 0.845273 9.99821E-05 9.99821E-05
9.9982E-05 0.511039 0.488761 9.9982E-05
9.9991E-05 0.0384978 0.850116 0.111286
0.834368 0.0275752 9.9991E-05 0.137956
9.9991E-05 0.320285 0.431865 0.24775
9.998E-05 9.998E-05 9.998E-05 0.9997
0.0036352 9.9991E-05 0.982854 0.0134109
0.0388042 9.9991E-05 0.811758 0.149338
0.036529 0.0204432 0.357998 0.585029
0.0134587 0.0664326 0.920009 9.9991E-05
0.489423 0.221455 0.167438 0.121684
0.0928442 0.794935 9.9991E-05 0.112121
9.9982E-05 0.279477 0.720323 9.9982E-05
0.718306 0.230884 9.9991E-05 0.05071
9.9991E-05 0.195155 0.194254 0.610491
0.966316 9.99821E-05 0.0334842 9.99821E-05
0.376094 9.99821E-05 9.99821E-05 0.623706
9.998E-05 0.9997 9.998E-05 9.998E-05
9.998E-05 0.9997 9.998E-05 9.998E-05
9.998E-05 0.9997 9.998E-05 9.998E-05
9.9982E-05 0.0948694 9.9982E-05 0.904931
0.817276 0.0288553 9.9991E-05 0.153769
9.9982E-05 9.9982E-05 0.823567 0.176233
9.9982E-05 9.9982E-05 0.148379 0.851421
9.9982E-05 0.0497327 9.9982E-05 0.950067
0.0772257 0.753201 0.0547011 0.114872
0.036246 9.99821E-05 9.99821E-05 0.963554
0.16101 9.9982E-05 9.9982E-05 0.83879
0.875685 9.9982E-05 9.9982E-05 0.124115
0.00278861 9.99821E-05 0.997011 9.99821E-05
0.149321 0.850479 9.9982E-05 9.9982E-05
9.9982E-05 0.339421 0.660379 9.9982E-05
0.9997 9.998E-05 9.998E-05 9.998E-05
9.9982E-05 9.9982E-05 0.766136 0.233664
9.99821E-05 9.99821E-05 0.174633 0.825167
0.0560629 0.176728 0.767109 9.9991E-05
9.9982E-05 9.9982E-05 0.640294 0.359506
