0.729999 0.129966 0.139935 9.9991E-05
0.976764 0.0230362 9.9982E-05 9.9982E-05
0.496491 0.0922679 0.411141 9.9991E-05
0.555391 9.9991E-05 0.157885 0.286624
9.9982E-05 0.364139 0.635661 9.9982E-05
9.9982E-05 9.9982E-05 0.0718503 0.92795
9.999E-05 0.0137165 0.901104 0.0850796
0.9997 9.998E-05 9.998E-05 9.998E-05
9.9982E-05 0.319002 9.9982E-05 0.680798
9.9982E-05 0.244404 0.755396 9.9982E-05
9.99821E-05 0.013355 0.986445 9.99821E-05
0.927747 9.9982E-05 9.9982E-05 0.0720535
9.999E-05 0.463571 0.479842 0.0564872
0.185598 9.9982E-05 0.814202 9.9982E-05
9.9982E-05 0.487665 0.512135 9.9982E-05
9.9991E-05 0.936435 0.0195249 0.0439398
0.934899 9.9982E-05 9.9982E-05 0.0649013
9.9991E-05 0.417811 0.329989 0.252099
0.041228 9.9982E-05 9.9982E-05 0.958572
0.020507 0.854488 9.9991E-05 0.124905
0.0548882 0.820692 9.9991E-05 0.12432
0.156484 0.404858 9.9991E-05 0.438558
9.9991E-05 0.873427 0.0697764 0.0566961
0.511615 0.107259 0.247142 0.133985
0.0932242 9.9991E-05 0.832 0.0746755
9.9982E-05 0.732198 0.267602 9.9982E-05
0.700791 9.9991E-05 0.268942 0.0301664
9.9991E-05 0.142915 0.293554 0.563431
0.97922 0.0205799 9.99821E-05 9.99821E-05
0.391642 9.99821E-05 9.99821E-05 0.608158
0.00823275 9.9982E-05 0.991567 9.9982E-05
9.998E-05 9.998E-05 0.9997 9.998E-05
9.9982E-05 0.0435439 0.956256 9.9982E-05
9.9991E-05 0.000734251 0.0719544 0.927211
0.786189 9.9991E-05 0.0786148 0.135096
9.9982E-05 0.776571 9.9982E-05 0.223229
9.9982E-05 0.143212 9.9982E-05 0.856588
0.0509588 9.9991E-05 0.0634309 0.88551
0.144621 9.9991E-05 0.749231 0.106048
0.120021 9.99821E-05 9.99821E-05 0.879779
0.214015 9.9982E-05 9.9982E-05 0.785786
0.878422 9.9982E-05 9.9982E-05 0.121378
0.000609803 0.99919 9.9982E-05 9.9982E-05
0.0801014 9.9982E-05 0.919699 9.9982E-05
9.9982E-05 0.707697 0.292103 9.9982E-05
0.964774 0.0350255 9.99821E-05 9.99821E-05
9.9982E-05 0.703965 9.9982E-05 0.295835
9.99821E-05 0.162125 9.99821E-05 0.837675
0.119975 0.687077 0.192848 9.9991E-05
9.9982E-05 0.64626 9.9982E-05 0.35354
