9.9991E-05 0.210608 0.678704 0.110588
9.9982E-05 9.9982E-05 0.996846 0.00295415
9.9982E-05 0.508557 0.491243 9.9982E-05
0.142825 0.145068 0.712007 9.9991E-05
9.9982E-05 0.590589 9.9982E-05 0.409211
0.902707 0.089396 0.00779652 9.9991E-05
0.128453 0.849086 9.9991E-05 0.0223604
9.999E-05 0.0427009 0.953658 0.00354099
0.741742 9.9982E-05 9.9982E-05 0.258059
9.9982E-05 0.696682 9.9982E-05 0.303118
9.99821E-05 0.98775 9.99821E-05 0.0120497
0.0882586 9.9982E-05 0.911541 9.9982E-05
0.104841 0.477286 0.0347204 0.383153
0.0419049 0.832645 0.12535 9.9991E-05
9.9982E-05 0.364911 9.9982E-05 0.634889
0.220993 0.0053518 9.9991E-05 0.773555
0.129906 9.99821E-05 0.869894 9.99821E-05
0.363463 0.233633 9.9991E-05 0.402804
0.93478 9.9982E-05 0.0650205 9.9982E-05
0.173751 9.9982E-05 9.9982E-05 0.826049
0.331375 9.9982E-05 9.9982E-05 0.668425
0.668901 9.9991E-05 0.0515241 0.279475
0.102488 0.0751626 9.9991E-05 0.822249
0.157914 0.261073 0.479438 0.101575
0.0843326 0.862219 0.053348 9.9991E-05
9.9982E-05 0.212267 9.9982E-05 0.787533
0.00368904 0.23428 0.761931 9.9991E-05
0.637516 0.246169 9.9991E-05 0.116215
9.99821E-05 9.99821E-05 0.941256 0.0585443
0.628721 9.99821E-05 0.371079 9.99821E-05
9.998E-05 0.9997 9.998E-05 9.998E-05
9.998E-05 0.9997 9.998E-05 9.998E-05
9.9982E-05 0.910981 9.9982E-05 0.0888194
0.933707 0.0660931 9.9982E-05 9.9982E-05
0.0749015 0.0534934 0.871505 9.9991E-05
0.339007 9.9982E-05 9.9982E-05 0.660793
0.92703 9.9982E-05 9.9982E-05 0.0727696
0.949645 0.050155 9.9982E-05 9.9982E-05
0.167638 0.780095 9.9991E-05 0.0521665
0.823065 9.9991E-05 0.165658 0.0111778
0.760847 9.9982E-05 0.238953 9.9982E-05
0.101065 9.9982E-05 0.898735 9.9982E-05
9.9982E-05 9.9982E-05 0.00933915 0.990461
9.9982E-05 0.881665 0.118135 9.9982E-05
9.9982E-05 0.167526 9.9982E-05 0.832274
9.998E-05 9.998E-05 0.9997 9.998E-05
0.367459 9.9982E-05 9.9982E-05 0.632341
0.949639 9.99821E-05 9.99821E-05 0.0501612
9.9991E-05 0.158401 0.0679945 0.773505
0.49198 9.99821E-05 9.99821E-05 0.50782
