9.9991E-05 0.231547 0.0425261 0.725827
9.9982E-05 9.9982E-05 0.0426742 0.957126
9.999E-05 0.481193 0.00756965 0.511137
0.247899 0.143411 9.9991E-05 0.60859
9.9982E-05 0.564715 0.435085 9.9982E-05
0.939125 0.0178914 9.9991E-05 0.0428841
0.0939198 0.868156 0.0317412 0.00618258
9.99821E-05 0.0252362 9.99821E-05 0.974564
0.806904 9.9982E-05 0.192896 9.9982E-05
9.9982E-05 0.651131 0.348669 9.9982E-05
9.99821E-05 0.936244 0.0635557 9.99821E-05
0.0854178 9.9982E-05 9.9982E-05 0.914382
0.113109 0.462902 0.423889 9.9991E-05
0.0149444 0.932263 9.9991E-05 0.0526922
9.9982E-05 0.376694 0.623106 9.9982E-05
0.179999 9.9982E-05 0.819801 9.9982E-05
0.0678878 9.99821E-05 9.99821E-05 0.931912
0.235869 0.238471 0.52556 9.9991E-05
0.972438 9.9982E-05 9.9982E-05 0.0273619
0.156995 9.9982E-05 0.842805 9.9982E-05
0.218033 9.9991E-05 0.759338 0.0225298
0.646828 9.9991E-05 0.269758 0.0833143
0.113193 9.9991E-05 0.867205 0.019502
0.294346 0.263776 0.0500718 0.391806
0.108803 0.811609 9.9991E-05 0.0794889
9.9982E-05 0.220379 0.779421 9.9982E-05
0.0584175 0.321434 9.9991E-05 0.620049
0.625715 0.297524 0.076661 9.9991E-05
9.99821E-05 9.99821E-05 0.0265129 0.973287
0.643988 9.99821E-05 9.99821E-05 0.355812
9.998E-05 0.9997 9.998E-05 9.998E-05
9.998E-05 0.9997 9.998E-05 9.998E-05
9.9982E-05 0.878756 0.121044 9.9982E-05
0.954476 0.0453239 9.9982E-05 9.9982E-05
0.0840168 0.0534038 9.9991E-05 0.862479
0.282973 9.9982E-05 0.716827 9.9982E-05
0.907496 9.9982E-05 0.0923044 9.9982E-05
0.918732 0.0810681 9.9982E-05 9.9982E-05
0.168467 0.75637 9.9991E-05 0.0750624
0.826534 0.00683587 9.9991E-05 0.16653
0.705541 9.9982E-05 9.9982E-05 0.294259
0.11502 9.9982E-05 9.9982E-05 0.88478
9.998E-05 9.998E-05 0.9997 9.998E-05
9.9982E-05 0.930565 9.9982E-05 0.0692347
9.9982E-05 0.233156 0.766644 9.9982E-05
9.998E-05 9.998E-05 9.998E-05 0.9997
0.413541 9.9982E-05 0.586259 9.9982E-05
0.86677 9.99821E-05 0.13303 9.99821E-05
9.9991E-05 0.109468 0.764546 0.125886
0.455636 0.0105918 0.533672 9.9991E-05
