0.788481 0.0716656 9.9991E-05 0.139753
0.995343 0.00445691 9.9982E-05 9.9982E-05
0.507662 9.9982E-05 9.9982E-05 0.492138
0.624466 9.9991E-05 0.262899 0.112534
9.9982E-05 0.402536 9.9982E-05 0.597264
0.0119162 9.9991E-05 0.907218 0.0807662
9.999E-05 0.103175 0.0848811 0.811844
0.932769 9.9982E-05 9.9982E-05 0.0670307
9.9982E-05 0.222294 0.777506 9.9982E-05
9.9982E-05 0.322288 9.9982E-05 0.677512
9.99821E-05 0.0423851 9.99821E-05 0.957415
0.893755 9.9982E-05 0.106045 9.9982E-05
9.999E-05 0.493375 0.0616281 0.444897
0.162229 9.99821E-05 9.99821E-05 0.837572
9.9982E-05 0.619068 9.9982E-05 0.380732
9.9991E-05 0.808354 0.138755 0.0527916
0.882813 9.9991E-05 0.100642 0.0164448
9.9991E-05 0.397964 0.313851 0.288085
0.0305465 9.9982E-05 0.969254 9.9982E-05
9.99821E-05 0.875226 0.124574 9.99821E-05
0.113862 0.790704 0.095334 9.9991E-05
0.128968 0.41727 0.453661 9.9991E-05
9.9991E-05 0.864681 0.0714521 0.0637668
0.48779 0.136272 0.147063 0.228875
0.121321 9.9991E-05 0.0292679 0.849312
9.9982E-05 0.729223 9.9982E-05 0.270577
0.776011 9.99821E-05 9.99821E-05 0.223789
9.9991E-05 0.177628 0.59582 0.226452
0.9997 9.998E-05 9.998E-05 9.998E-05
0.308012 9.99821E-05 0.691788 9.99821E-05
9.998E-05 9.998E-05 9.998E-05 0.9997
9.998E-05 9.998E-05 9.998E-05 0.9997
9.9982E-05 0.0645021 9.9982E-05 0.935298
9.9982E-05 9.9982E-05 0.925812 0.0739881
0.866307 9.9991E-05 0.0988045 0.034789
9.9982E-05 0.734602 0.265198 9.9982E-05
9.9982E-05 0.134576 0.865224 9.9982E-05
9.9982E-05 9.9982E-05 0.953322 0.0464783
0.0244453 0.0315172 0.140151 0.803886
0.0816769 0.0205175 0.879329 0.0184762
0.313645 9.9982E-05 0.686155 9.9982E-05
0.843158 9.9982E-05 0.156642 9.9982E-05
9.998E-05 0.9997 9.998E-05 9.998E-05
0.0181322 9.9982E-05 9.9982E-05 0.981668
9.9982E-05 0.752286 9.9982E-05 0.247514
0.986426 0.0133741 9.9982E-05 9.9982E-05
9.9982E-05 0.618216 0.381584 9.9982E-05
9.99821E-05 0.170126 0.829674 9.99821E-05
0.0996493 0.726494 9.9991E-05 0.173756
9.9982E-05 0.576656 0.423144 9.9982E-05
