0.0614286 0.177116 9.9991E-05 0.761355
0.0401971 9.9982E-05 9.9982E-05 0.959603
9.9982E-05 0.460674 9.9982E-05 0.539126
9.9991E-05 0.194891 0.251567 0.553442
0.272927 0.726873 9.9982E-05 9.9982E-05
9.9991E-05 0.0899505 0.895958 0.013991
9.9982E-05 0.841371 0.158429 9.9982E-05
9.99821E-05 0.0129592 9.99821E-05 0.986841
0.311427 9.9982E-05 0.688373 9.9982E-05
0.128022 0.871778 9.9982E-05 9.9982E-05
9.998E-05 0.9997 9.998E-05 9.998E-05
9.9982E-05 9.9982E-05 0.00209703 0.997703
0.3548 0.566392 0.0787077 9.9991E-05
9.999E-05 0.875967 0.0493557 0.0745775
0.466604 0.533196 9.9982E-05 9.9982E-05
0.862382 0.00309217 0.0784244 0.0561018
9.9991E-05 0.0492231 0.0878281 0.862849
0.408066 0.31669 0.275145 9.9991E-05
9.9982E-05 9.9982E-05 0.982222 0.0175785
0.9997 9.998E-05 9.998E-05 9.998E-05
0.786726 9.9991E-05 0.195797 0.0173777
0.346717 9.9991E-05 0.574977 0.0782059
0.837468 0.129942 0.0324897 9.9991E-05
0.124904 0.3154 0.0863186 0.473376
9.9991E-05 0.814689 0.0899769 0.0952344
0.689274 0.310526 9.9982E-05 9.9982E-05
9.9991E-05 0.243048 0.0583539 0.698498
0.126382 0.297175 0.576343 9.9991E-05
0.0127484 9.99821E-05 9.99821E-05 0.987052
9.99821E-05 9.99821E-05 0.641943 0.357857
9.99821E-05 0.902663 9.99821E-05 0.0971366
9.998E-05 0.9997 9.998E-05 9.998E-05
0.0426787 0.957121 9.9982E-05 9.9982E-05
9.9982E-05 0.0623029 0.937497 9.9982E-05
9.9991E-05 0.0626526 0.16281 0.774438
0.763187 9.9982E-05 0.236613 9.9982E-05
0.11397 9.9982E-05 0.885831 9.9982E-05
0.0403105 0.0381723 0.861285 0.0602326
0.0251206 0.735251 0.141541 0.0980872
9.99821E-05 9.99821E-05 0.873649 0.126151
9.9982E-05 9.9982E-05 0.778188 0.221612
9.9982E-05 9.9982E-05 0.137938 0.861862
0.985276 9.9982E-05 9.9982E-05 0.0145239
9.9982E-05 0.832775 9.9982E-05 0.167025
0.619913 0.379887 9.9982E-05 9.9982E-05
0.037868 9.9982E-05 9.9982E-05 0.961932
0.650365 9.9982E-05 0.349435 9.9982E-05
0.119965 9.99821E-05 0.879835 9.99821E-05
0.677157 0.236067 9.9991E-05 0.0866755
0.650786 9.9982E-05 0.349014 9.9982E-05
