0.126673 9.9982E-05 0.281753 0.591374 9.9982E-05
0.0473567 9.9973E-05 9.9973E-05 0.952343 9.9973E-05
0.00327299 9.9982E-05 0.729936 0.266591 9.9982E-05
9.999E-05 0.279711 0.166596 0.533422 0.02017
0.0984718 9.9982E-05 0.0900263 9.9982E-05 0.811302
9.9973E-05 0.932492 0.0672081 9.9973E-05 9.9973E-05
9.9991E-05 0.0668786 0.338893 0.003218 0.590911
9.99744E-05 9.99744E-05 0.0886215 0.911079 9.99744E-05
0.396039 0.603661 9.9973E-05 9.9973E-05 9.9973E-05
9.997E-05 9.997E-05 9.997E-05 9.997E-05 0.9996
9.99731E-05 9.99731E-05 0.00230723 9.99731E-05 0.997393
9.9973E-05 0.129377 9.9973E-05 0.870323 9.9973E-05
0.301652 0.0819757 0.162036 0.0172499 0.437086
9.99821E-05 0.0129511 0.829081 9.99821E-05 0.157768
0.262687 9.9973E-05 9.9973E-05 9.9973E-05 0.737013
0.86527 9.99731E-05 0.13443 9.99731E-05 9.99731E-05
9.9982E-05 0.143969 9.9982E-05 0.840477 0.0153539
0.237779 0.308118 9.9982E-05 9.9982E-05 0.453903
9.9973E-05 0.953144 9.9973E-05 0.0465558 9.9973E-05
0.983637 0.0160636 9.99731E-05 9.99731E-05 9.99731E-05
0.85953 0.0777356 9.9982E-05 0.0625342 9.9982E-05
0.418271 0.368802 9.9991E-05 0.18525 0.0275765
0.750922 0.0700678 0.0357842 9.9991E-05 0.143126
0.117956 0.202419 0.0749077 0.369101 0.235616
9.9973E-05 0.0456148 0.954085 9.9973E-05 9.9973E-05
0.498366 9.9973E-05 9.9973E-05 9.9973E-05 0.501334
9.9982E-05 0.0114858 0.427794 0.56052 9.9982E-05
0.141628 0.547299 0.167637 9.9991E-05 0.143336
0.0290528 9.99732E-05 9.99732E-05 0.970647 9.99732E-05
0.0337974 0.5339 9.9991E-05 0.404949 0.0272537
9.99731E-05 9.99731E-05 0.731188 9.99731E-05 0.268512
9.997E-05 9.997E-05 0.9996 9.997E-05 9.997E-05
9.9973E-05 9.9973E-05 0.122496 9.9973E-05 0.877204
9.9973E-05 0.889313 0.110388 9.9973E-05 9.9973E-05
9.9982E-05 0.15476 0.100549 0.744491 9.9982E-05
0.857565 0.142136 9.9973E-05 9.9973E-05 9.9973E-05
0.231099 0.768601 9.9973E-05 9.9973E-05 9.9973E-05
9.9973E-05 0.937949 9.9973E-05 9.9973E-05 0.0617514
9.9991E-05 0.132426 0.108396 0.070736 0.688343
9.99821E-05 0.847266 9.99821E-05 0.140983 0.0115511
9.9973E-05 0.706252 9.9973E-05 0.293448 9.9973E-05
9.9973E-05 0.118639 9.9973E-05 0.881062 9.9973E-05
0.9996 9.997E-05 9.997E-05 9.997E-05 9.997E-05
9.997E-05 9.997E-05 0.9996 9.997E-05 9.997E-05
0.465705 9.99731E-05 9.99731E-05 9.99731E-05 0.533995
9.99731E-05 9.99731E-05 9.99731E-05 0.997366 0.00233409
0.736089 0.263611 9.9973E-05 9.9973E-05 9.9973E-05
0.124576 0.875124 9.99731E-05 9.99731E-05 9.99731E-05
0.536557 9.99821E-05 9.99821E-05 0.127171 0.336072
0.661264 0.304052 9.9982E-05 9.9982E-05 0.0344843
