0.735177 0.194371 0.0671172 0.00323469 9.9991E-05
0.960169 9.9973E-05 0.0395314 9.9973E-05 9.9973E-05
0.482613 0.511395 0.0057916 9.9982E-05 9.9982E-05
0.536749 0.151502 9.99821E-05 9.99821E-05 0.311548
9.9973E-05 0.153774 9.9973E-05 0.845926 9.9973E-05
0.0395278 0.0619883 0.0207702 9.9991E-05 0.877614
9.9973E-05 0.886359 0.113341 9.9973E-05 9.9973E-05
0.970122 0.0295777 9.99731E-05 9.99731E-05 9.99731E-05
9.9973E-05 9.9973E-05 0.50805 9.9973E-05 0.49165
9.9973E-05 0.302767 9.9973E-05 0.696933 9.9973E-05
9.99731E-05 0.743535 9.99731E-05 0.256165 9.99731E-05
0.864857 9.9982E-05 0.0171882 9.9982E-05 0.117755
9.9991E-05 0.283601 0.0700551 0.564837 0.0814066
0.106608 0.864463 9.99821E-05 9.99821E-05 0.028729
9.99731E-05 9.99731E-05 9.99731E-05 0.976982 0.0227179
9.99731E-05 0.0860452 0.913655 9.99731E-05 9.99731E-05
0.904169 9.9973E-05 9.9973E-05 9.9973E-05 0.0955311
9.999E-05 0.295878 0.482302 0.0819917 0.139729
9.997E-05 9.997E-05 9.997E-05 9.997E-05 0.9996
0.0025853 9.99731E-05 0.997115 9.99731E-05 9.99731E-05
0.039094 9.9991E-05 0.774163 0.139018 0.0476258
0.152726 9.99821E-05 0.500625 9.99821E-05 0.346449
9.9982E-05 0.0135534 0.776372 0.209874 9.9982E-05
0.423701 0.278239 0.186959 9.9991E-05 0.111002
9.99731E-05 0.868447 9.99731E-05 9.99731E-05 0.131253
9.9973E-05 9.9973E-05 0.0774548 0.922245 9.9973E-05
0.585913 0.294625 9.99821E-05 9.99821E-05 0.119262
9.99821E-05 0.116371 9.99821E-05 0.27539 0.608039
0.972662 9.99732E-05 0.0270382 9.99732E-05 9.99732E-05
0.346355 9.99821E-05 0.0961757 9.99821E-05 0.55727
9.997E-05 0.9996 9.997E-05 9.997E-05 9.997E-05
9.997E-05 0.9996 9.997E-05 9.997E-05 9.997E-05
9.9973E-05 0.665736 9.9973E-05 0.333964 9.9973E-05
9.9982E-05 0.0897152 0.0607144 9.9982E-05 0.84937
0.785188 0.0283069 9.9991E-05 0.00205926 0.184346
0.00851054 0.00549856 0.936083 9.9991E-05 0.0498079
9.9973E-05 9.9973E-05 0.2006 9.9973E-05 0.7991
0.0702659 9.9991E-05 0.0179413 0.0210491 0.890644
0.0564102 0.723461 0.163659 9.9991E-05 0.0563694
0.0652123 9.99821E-05 9.99821E-05 0.0397434 0.894844
0.217482 9.9973E-05 9.9973E-05 9.9973E-05 0.782219
0.809687 9.9973E-05 9.9973E-05 9.9973E-05 0.190013
9.99731E-05 9.99731E-05 0.788828 0.210872 9.99731E-05
0.0644569 0.935243 9.9973E-05 9.9973E-05 9.9973E-05
9.997E-05 9.997E-05 9.997E-05 0.9996 9.997E-05
0.997226 9.99731E-05 0.00247449 9.99731E-05 9.99731E-05
9.9973E-05 9.9973E-05 0.870505 9.9973E-05 0.129195
9.99731E-05 9.99731E-05 0.16799 9.99731E-05 0.83171
0.0678816 9.99821E-05 0.10864 0.823279 9.99821E-05
9.9982E-05 9.9982E-05 0.713731 0.0365265 0.249542
