0.0672823 0.317703 9.9982E-05 9.9982E-05 0.614815
0.0607236 9.9973E-05 9.9973E-05 9.9973E-05 0.938976
0.0697955 0.651997 9.9982E-05 9.9982E-05 0.278007
9.99821E-05 0.187873 0.311967 9.99821E-05 0.49996
9.9982E-05 9.9982E-05 0.0319142 0.911053 0.0568331
9.9982E-05 0.101099 0.869526 9.9982E-05 0.0291757
0.0592203 0.557656 0.0534801 0.329543 9.9991E-05
9.99731E-05 0.0429664 9.99731E-05 9.99731E-05 0.956734
0.394315 9.99731E-05 0.605385 9.99731E-05 9.99731E-05
9.997E-05 9.997E-05 9.997E-05 0.9996 9.997E-05
9.99731E-05 0.0117945 9.99731E-05 0.987906 9.99731E-05
9.9973E-05 9.9973E-05 0.057449 9.9973E-05 0.942251
0.402899 0.17221 9.9991E-05 0.37364 0.0511505
0.0174459 0.762892 0.044879 0.174684 9.9991E-05
0.360504 9.99731E-05 9.99731E-05 0.639197 9.99731E-05
0.907298 0.0924017 9.99731E-05 9.99731E-05 9.99731E-05
9.9982E-05 0.0732608 0.15727 9.9982E-05 0.769269
0.32305 9.9982E-05 0.257091 0.419659 9.9982E-05
9.9973E-05 9.9973E-05 0.923581 9.9973E-05 0.0761189
0.935854 9.99731E-05 0.0638464 9.99731E-05 9.99731E-05
0.886756 9.9982E-05 0.0872164 9.9982E-05 0.0258274
0.479834 9.9982E-05 0.415132 9.9982E-05 0.104833
0.894906 0.0181203 9.9982E-05 0.0867739 9.9982E-05
0.138287 0.315895 0.177342 0.0251812 0.343295
9.9973E-05 0.965499 0.0342012 9.9973E-05 9.9973E-05
0.542531 9.9973E-05 9.9973E-05 0.457169 9.9973E-05
9.99821E-05 0.380895 0.0988997 9.99821E-05 0.520006
0.0025447 0.0189563 0.669626 0.308773 9.9991E-05
0.000857973 9.99732E-05 9.99732E-05 9.99732E-05 0.998842
9.99821E-05 9.99821E-05 0.683476 0.00802254 0.308301
9.99731E-05 0.91442 9.99731E-05 0.0852802 9.99731E-05
9.997E-05 0.9996 9.997E-05 9.997E-05 9.997E-05
9.9973E-05 0.118145 9.9973E-05 0.881555 9.9973E-05
9.9973E-05 0.102957 0.896743 9.9973E-05 9.9973E-05
9.9982E-05 0.0789523 0.161779 9.9982E-05 0.759069
0.865821 0.03095 0.10303 9.9982E-05 9.9982E-05
0.125112 9.9973E-05 0.874588 9.9973E-05 9.9973E-05
9.9973E-05 9.9973E-05 0.936862 0.0628383 9.9973E-05
9.9991E-05 0.20065 0.131484 0.630621 0.037145
9.99821E-05 9.99821E-05 0.811644 0.123517 0.0646385
9.9973E-05 9.9973E-05 0.740977 9.9973E-05 0.258724
9.9973E-05 9.9973E-05 0.226287 9.9973E-05 0.773413
0.9996 9.997E-05 9.997E-05 9.997E-05 9.997E-05
9.9973E-05 0.969962 9.9973E-05 9.9973E-05 0.0297382
0.415588 9.9973E-05 9.9973E-05 0.584112 9.9973E-05
0.032399 9.99731E-05 9.99731E-05 9.99731E-05 0.967301
0.744978 9.9973E-05 0.254722 9.9973E-05 9.9973E-05
0.186292 9.99731E-05 0.813408 9.99731E-05 9.99731E-05
0.576816 0.00797266 9.9991E-05 0.309664 0.105448
0.664038 9.9982E-05 0.291411 0.0443505 9.9982E-05
