0.0861868 9.9982E-05 0.250574 0.663039 9.9982E-05
0.069103 9.9973E-05 9.9973E-05 0.930597 9.9973E-05
0.0264572 9.9982E-05 0.610252 0.363091 9.9982E-05
9.999E-05 0.0971457 0.0617826 0.553104 0.287868
9.999E-05 0.969063 0.00302034 0.00252942 0.025287
9.9973E-05 9.9973E-05 0.110324 9.9973E-05 0.889376
0.00751313 0.444441 0.479293 0.0146362 0.0541169
9.99821E-05 0.00538857 0.0606132 0.933798 9.99821E-05
0.425142 9.99731E-05 9.99731E-05 9.99731E-05 0.574558
9.997E-05 0.9996 9.997E-05 9.997E-05 9.997E-05
9.99731E-05 0.687645 0.312055 9.99731E-05 9.99731E-05
9.9973E-05 9.9973E-05 9.9973E-05 0.84046 0.15924
0.294636 0.533461 0.112801 0.0178104 0.0412914
9.999E-05 0.272738 0.632411 0.0675618 0.0271891
0.0368915 0.962809 9.99731E-05 9.99731E-05 9.99731E-05
0.927064 9.99731E-05 0.0726361 9.99731E-05 9.99731E-05
9.9973E-05 9.9973E-05 9.9973E-05 0.90516 0.0945403
0.390363 0.319159 0.0813849 9.9991E-05 0.208994
9.99731E-05 9.99731E-05 9.99731E-05 0.0315472 0.968153
0.9996 9.997E-05 9.997E-05 9.997E-05 9.997E-05
0.852245 0.0345279 9.9991E-05 0.000886979 0.112241
0.46805 9.9982E-05 9.9982E-05 0.230918 0.300832
0.83359 0.144102 0.022108 9.9982E-05 9.9982E-05
0.274922 0.0289772 0.19502 0.421208 0.0798726
9.9973E-05 9.9973E-05 0.908776 9.9973E-05 0.0909241
0.426117 0.573583 9.9973E-05 9.9973E-05 9.9973E-05
9.99821E-05 9.99821E-05 0.328628 0.641473 0.0296992
9.99731E-05 0.324073 9.99731E-05 9.99731E-05 0.675627
0.0670568 9.99732E-05 9.99732E-05 0.932643 9.99732E-05
9.99731E-05 9.99731E-05 9.99731E-05 0.34877 0.65093
9.997E-05 9.997E-05 0.9996 9.997E-05 9.997E-05
9.997E-05 9.997E-05 0.9996 9.997E-05 9.997E-05
9.9982E-05 0.799697 0.198685 0.00141822 9.9982E-05
0.0574394 9.9982E-05 0.0462602 9.9982E-05 0.8961
9.9991E-05 0.0246596 0.0484281 0.772629 0.154183
0.980947 9.9973E-05 9.9973E-05 9.9973E-05 0.0187535
0.18209 9.99731E-05 9.99731E-05 9.99731E-05 0.81761
0.0531827 9.9982E-05 0.0967705 9.9982E-05 0.849847
9.9991E-05 0.456818 0.335335 0.11665 0.0910962
0.082306 9.99821E-05 9.99821E-05 0.139461 0.778033
9.9973E-05 9.9973E-05 9.9973E-05 0.211865 0.787835
9.9973E-05 9.9973E-05 9.9973E-05 0.754195 0.245506
0.850665 0.149036 9.99731E-05 9.99731E-05 9.99731E-05
9.9973E-05 9.9973E-05 0.99813 9.9973E-05 0.00156962
0.354338 0.645362 9.99731E-05 9.99731E-05 9.99731E-05
9.997E-05 9.997E-05 9.997E-05 0.9996 9.997E-05
0.821953 9.9973E-05 9.9973E-05 9.9973E-05 0.177747
0.126267 9.99731E-05 9.99731E-05 9.99731E-05 0.873433
0.503109 0.435927 9.99821E-05 0.0607638 9.99821E-05
0.740196 0.0686559 9.9982E-05 9.9982E-05 0.190948
