9.9982E-05 9.9982E-05 0.135998 0.611535 0.252267
9.9973E-05 9.9973E-05 0.0276795 0.972021 9.9973E-05
9.99731E-05 9.99731E-05 9.99731E-05 0.397237 0.602464
9.99821E-05 0.418289 9.99821E-05 0.406221 0.17529
0.932319 9.9982E-05 0.040489 0.0269922 9.9982E-05
9.999E-05 0.888039 0.015068 0.0459443 0.050849
0.343376 0.0567557 0.0488838 9.9991E-05 0.550885
9.9982E-05 9.9982E-05 0.0109216 0.928251 0.0606278
9.9973E-05 0.519592 0.480108 9.9973E-05 9.9973E-05
0.9996 9.997E-05 9.997E-05 9.997E-05 9.997E-05
0.983381 9.99731E-05 9.99731E-05 9.99731E-05 0.0163193
9.9973E-05 0.0409426 9.9973E-05 0.958758 9.9973E-05
0.447741 0.0132805 0.309324 0.0552468 0.174408
0.150776 0.0821979 9.9982E-05 9.9982E-05 0.766826
0.816391 9.9973E-05 0.18331 9.9973E-05 9.9973E-05
9.99731E-05 9.99731E-05 0.927307 9.99731E-05 0.0723933
9.9982E-05 0.0849314 9.9982E-05 0.893329 0.0215393
0.323224 0.314834 0.287583 9.9991E-05 0.0742592
9.9973E-05 0.973946 9.9973E-05 0.0257545 9.9973E-05
9.997E-05 9.997E-05 0.9996 9.997E-05 9.997E-05
9.99821E-05 0.11203 0.859662 0.0281074 9.99821E-05
9.998E-05 0.326388 0.508109 0.165303 9.998E-05
0.0905801 9.9982E-05 0.857372 9.9982E-05 0.0518478
0.0804169 0.0821064 0.20386 0.408373 0.225244
9.99731E-05 0.0332763 9.99731E-05 9.99731E-05 0.966424
0.485909 9.9973E-05 0.513792 9.9973E-05 9.9973E-05
9.9982E-05 0.161408 9.9982E-05 0.441563 0.396829
0.210997 0.584324 0.0939677 9.9991E-05 0.110611
9.997E-05 9.997E-05 0.0306264 0.969074 9.997E-05
0.0103266 0.645418 9.99821E-05 0.344056 9.99821E-05
9.997E-05 9.997E-05 9.997E-05 9.997E-05 0.9996
9.997E-05 9.997E-05 9.997E-05 9.997E-05 0.9996
0.775386 9.9973E-05 9.9973E-05 9.9973E-05 0.224314
9.9973E-05 0.938611 9.9973E-05 9.9973E-05 0.0610893
9.9982E-05 0.135521 9.9982E-05 0.687647 0.176632
9.9991E-05 0.0753764 0.866855 0.0278243 0.0298447
9.997E-05 0.814617 0.185083 9.997E-05 9.997E-05
0.0333326 0.929399 0.0273238 9.9991E-05 0.00984457
0.473807 0.0572144 9.9991E-05 0.121525 0.347354
0.0602085 0.77425 9.9982E-05 0.165342 9.9982E-05
9.9973E-05 0.725264 9.9973E-05 0.274436 9.9973E-05
9.99731E-05 0.119083 9.99731E-05 0.880617 9.99731E-05
9.99731E-05 9.99731E-05 0.992695 0.00700541 9.99731E-05
9.997E-05 9.997E-05 9.997E-05 9.997E-05 0.9996
0.52479 9.99731E-05 0.47491 9.99731E-05 9.99731E-05
9.9982E-05 9.9982E-05 0.0140329 0.981459 0.00430782
9.9973E-05 0.194096 0.805604 9.9973E-05 9.9973E-05
9.99731E-05 0.84996 0.14974 9.99731E-05 9.99731E-05
0.506373 0.0351924 0.422529 0.0358058 9.9991E-05
0.0154433 0.265749 0.718607 9.9982E-05 9.9982E-05
