9.9982E-05 0.123942 0.642374 0.233484 9.9982E-05
9.9973E-05 0.0393605 0.96034 9.9973E-05 9.9973E-05
9.9982E-05 0.0700055 0.261095 0.6687 9.9982E-05
0.29539 9.9991E-05 0.564767 0.105759 0.0339842
9.9973E-05 9.9973E-05 0.0255853 9.9973E-05 0.974115
0.920182 9.9973E-05 9.9973E-05 0.0795186 9.9973E-05
0.0911415 9.9982E-05 9.9982E-05 0.488672 0.419987
9.99731E-05 9.99731E-05 0.952457 0.047243 9.99731E-05
0.635741 0.363959 9.997E-05 9.997E-05 9.997E-05
9.997E-05 9.997E-05 9.997E-05 9.997E-05 0.9996
9.99731E-05 9.99731E-05 9.99731E-05 0.295684 0.704016
0.0993841 9.9973E-05 0.900316 9.9973E-05 9.9973E-05
0.0952604 0.267534 0.00789347 0.135943 0.493369
9.9982E-05 9.9982E-05 0.106043 0.608506 0.28525
9.99731E-05 0.109747 9.99731E-05 9.99731E-05 0.889953
0.0240954 0.90988 9.99821E-05 0.0658246 9.99821E-05
0.171707 9.9991E-05 0.789756 0.010432 0.0280052
0.27578 0.32405 9.9991E-05 0.0233515 0.376718
0.938697 9.9973E-05 0.0610031 9.9973E-05 9.9973E-05
9.997E-05 0.9996 9.997E-05 9.997E-05 9.997E-05
0.0619887 0.907731 0.0300802 9.9982E-05 9.9982E-05
0.403685 0.416612 0.156257 9.9991E-05 0.0233462
9.9973E-05 0.772551 9.9973E-05 9.9973E-05 0.227149
0.143181 0.198602 0.394804 0.196051 0.0673624
0.0123677 9.9973E-05 9.9973E-05 0.987332 9.9973E-05
9.9973E-05 0.402424 9.9973E-05 9.9973E-05 0.597276
0.0463673 9.998E-05 0.595122 0.35831 9.998E-05
0.598328 9.99821E-05 0.0114751 9.99821E-05 0.389997
9.99732E-05 0.0062429 0.993457 9.99732E-05 9.99732E-05
0.648206 0.0288659 0.313929 9.9991E-05 0.00889895
9.9973E-05 9.9973E-05 9.9973E-05 0.844363 0.155337
9.997E-05 9.997E-05 9.997E-05 0.9996 9.997E-05
9.9973E-05 9.9973E-05 9.9973E-05 0.285936 0.713764
0.901324 9.9973E-05 9.9973E-05 0.0983761 9.9973E-05
0.150324 9.998E-05 0.840245 0.00923014 9.998E-05
0.137815 0.84009 9.9982E-05 0.0218945 9.9982E-05
0.800847 0.198853 9.997E-05 9.997E-05 9.997E-05
0.924284 9.9973E-05 9.9973E-05 0.0754159 9.9973E-05
0.0699296 9.9991E-05 0.18773 0.336463 0.405778
0.884777 9.99821E-05 0.0806895 9.99821E-05 0.0343335
0.764509 9.9973E-05 0.235191 9.9973E-05 9.9973E-05
0.130538 9.997E-05 0.869162 9.997E-05 9.997E-05
9.99731E-05 0.989916 9.99731E-05 9.99731E-05 0.00978375
9.997E-05 9.997E-05 9.997E-05 0.9996 9.997E-05
9.99731E-05 0.237635 9.99731E-05 9.99731E-05 0.762065
9.99731E-05 0.0638791 0.935821 9.99731E-05 9.99731E-05
0.276725 0.722975 9.9973E-05 9.9973E-05 9.9973E-05
0.84566 0.15404 9.997E-05 9.997E-05 9.997E-05
9.99821E-05 0.502322 0.088996 9.99821E-05 0.408482
0.302619 0.660555 9.998E-05 9.998E-05 0.0366255
