0.715399 9.99821E-05 0.123792 0.160609 9.99821E-05
0.910875 9.9973E-05 0.088825 9.9973E-05 9.9973E-05
0.407395 9.9982E-05 0.0350496 0.557356 9.9982E-05
0.615528 0.245131 9.99821E-05 0.139142 9.99821E-05
0.0393046 9.9973E-05 9.9973E-05 9.9973E-05 0.960395
0.0266801 0.880706 9.9982E-05 0.0924139 9.9982E-05
9.9982E-05 0.113817 9.9982E-05 0.541619 0.344364
0.976592 9.99731E-05 9.99731E-05 0.0231084 9.99731E-05
9.99731E-05 0.434311 0.565389 9.99731E-05 9.99731E-05
9.997E-05 9.997E-05 9.997E-05 9.997E-05 0.9996
9.99731E-05 9.99731E-05 9.99731E-05 0.260972 0.738728
0.947606 0.0520943 9.9973E-05 9.9973E-05 9.9973E-05
9.9991E-05 0.128503 0.0984209 0.104549 0.668427
0.01843 0.0302218 0.0451285 0.843742 0.0624776
9.99731E-05 9.99731E-05 0.139343 9.99731E-05 0.860357
9.99731E-05 9.99731E-05 0.86196 0.13774 9.99731E-05
0.913825 0.0645085 9.9991E-05 0.0117533 0.00981284
9.999E-05 0.298441 0.215564 0.052945 0.432951
9.997E-05 0.9996 9.997E-05 9.997E-05 9.997E-05
9.99731E-05 9.99731E-05 0.991382 9.99731E-05 0.00831786
0.0333562 0.0998089 0.824772 9.9991E-05 0.0419625
0.0987395 0.511974 0.345036 9.9991E-05 0.044151
9.999E-05 0.00420141 0.762677 0.0221722 0.21085
0.481118 0.0608178 0.171074 0.206613 0.0803777
9.9973E-05 0.0257768 9.9973E-05 0.973923 9.9973E-05
9.9973E-05 9.9973E-05 0.307103 9.9973E-05 0.692597
0.678605 9.99731E-05 9.99731E-05 0.321096 9.99731E-05
9.9991E-05 0.561303 0.139954 0.0750551 0.223587
0.967571 9.99732E-05 0.0321292 9.99732E-05 9.99732E-05
0.257353 0.742347 9.99731E-05 9.99731E-05 9.99731E-05
9.997E-05 9.997E-05 9.997E-05 0.9996 9.997E-05
9.997E-05 9.997E-05 9.997E-05 0.9996 9.997E-05
9.9973E-05 9.9973E-05 9.9973E-05 0.235242 0.764458
9.9973E-05 0.940354 9.9973E-05 0.0593462 9.9973E-05
0.795879 0.157212 9.9982E-05 0.0467086 9.9982E-05
9.9973E-05 0.0131589 0.986541 9.9973E-05 9.9973E-05
9.9973E-05 0.741253 0.258447 9.9973E-05 9.9973E-05
9.9982E-05 0.949556 0.0159878 0.0342562 9.9982E-05
0.0590026 0.119311 9.9991E-05 0.545152 0.276434
0.0786532 0.860148 9.99821E-05 9.99821E-05 0.0609985
0.189556 0.810144 9.9973E-05 9.9973E-05 9.9973E-05
0.809151 0.190549 9.9973E-05 9.9973E-05 9.9973E-05
0.00383151 9.99821E-05 0.908031 9.99821E-05 0.0879377
9.9973E-05 0.0078806 9.9973E-05 0.991819 9.9973E-05
9.99731E-05 9.99731E-05 0.272819 9.99731E-05 0.726881
0.937105 9.99731E-05 0.0625952 9.99731E-05 9.99731E-05
9.9973E-05 0.118545 0.881155 9.9973E-05 9.9973E-05
9.99731E-05 0.813961 0.185739 9.99731E-05 9.99731E-05
0.105041 9.99821E-05 0.362007 9.99821E-05 0.532752
9.9982E-05 0.223136 0.636549 9.9982E-05 0.140116
