0.257467 9.99821E-05 0.0799062 0.662427 9.99821E-05
9.9973E-05 9.9973E-05 0.0850164 0.914684 9.9973E-05
0.611795 9.9982E-05 0.00793044 0.380075 9.9982E-05
0.0824369 0.285989 9.9991E-05 0.551059 0.0804142
9.9973E-05 0.00593892 9.9973E-05 9.9973E-05 0.993761
0.102293 0.897407 9.9973E-05 9.9973E-05 9.9973E-05
0.404439 0.145226 9.9982E-05 9.9982E-05 0.450135
0.0592685 9.9991E-05 0.00800376 0.889736 0.0428921
9.99731E-05 0.549729 0.449971 9.99731E-05 9.99731E-05
9.997E-05 9.997E-05 9.997E-05 9.997E-05 0.9996
0.139583 9.99732E-05 9.99732E-05 9.99732E-05 0.860117
9.9973E-05 0.0923928 9.9973E-05 0.907307 9.9973E-05
0.0996969 0.077194 0.24602 9.9991E-05 0.57699
0.691422 0.0415734 9.9991E-05 0.0119507 0.254954
9.99731E-05 9.99731E-05 0.196162 9.99731E-05 0.803539
0.131123 9.9973E-05 0.868577 9.9973E-05 9.9973E-05
9.9982E-05 0.105255 9.9982E-05 0.893197 0.00134817
0.0527599 0.251391 0.324564 9.9991E-05 0.371185
9.9973E-05 0.989849 9.9973E-05 0.00985082 9.9973E-05
9.997E-05 9.997E-05 0.9996 9.997E-05 9.997E-05
0.0251113 0.0894056 0.826996 0.0356362 0.0228507
9.999E-05 0.518774 0.335222 0.129528 0.0163766
0.0537673 0.0149084 0.728168 9.9991E-05 0.203056
0.128111 0.203254 0.0742243 0.459716 0.134695
0.916775 0.0105572 0.072468 9.9982E-05 9.9982E-05
9.9973E-05 9.9973E-05 0.378531 9.9973E-05 0.621169
0.280953 0.0434276 9.99821E-05 0.675419 9.99821E-05
9.99821E-05 0.662167 0.0155717 9.99821E-05 0.322062
9.997E-05 9.997E-05 9.997E-05 0.9996 9.997E-05
9.99731E-05 0.607219 9.99731E-05 0.392481 9.99731E-05
0.900807 9.997E-05 9.997E-05 9.997E-05 0.098893
0.9996 9.997E-05 9.997E-05 9.997E-05 9.997E-05
0.184031 9.9973E-05 9.9973E-05 9.9973E-05 0.815669
0.094065 0.905635 9.99731E-05 9.99731E-05 9.99731E-05
0.0200575 0.0970487 9.998E-05 0.882694 9.998E-05
9.9982E-05 0.0962329 0.896018 0.00754884 9.9982E-05
9.9973E-05 0.829314 0.170386 9.9973E-05 9.9973E-05
0.0589918 0.940708 9.99731E-05 9.99731E-05 9.99731E-05
0.306343 0.0714614 9.9991E-05 0.155167 0.466929
9.99821E-05 0.927625 9.99821E-05 0.0364069 0.0357677
9.9973E-05 0.833398 9.9973E-05 0.166302 9.9973E-05
9.9973E-05 0.226813 9.9973E-05 0.772887 9.9973E-05
9.99731E-05 9.99731E-05 0.995206 0.00449407 9.99731E-05
0.9996 9.997E-05 9.997E-05 9.997E-05 9.997E-05
9.99731E-05 9.99731E-05 0.365918 9.99731E-05 0.633782
9.99731E-05 9.99731E-05 0.0155293 0.984171 9.99731E-05
9.9973E-05 0.213784 0.785916 9.9973E-05 9.9973E-05
9.99731E-05 0.690348 0.309352 9.99731E-05 9.99731E-05
9.99821E-05 9.99821E-05 0.488338 0.108561 0.4029
9.9982E-05 0.280329 0.719133 9.9982E-05 0.000338036
