9.9991E-05 0.251429 0.748471
9.999E-05 9.999E-05 0.9998
9.999E-05 0.516498 0.483402
9.99921E-05 0.154323 0.845577
0.195843 0.804057 9.9991E-05
0.563282 9.9991E-05 0.436618
0.105493 0.894407 9.9991E-05
9.999E-05 0.0806446 0.919255
0.976534 9.9991E-05 0.0233656
0.0510466 0.948853 9.9991E-05
9.999E-05 0.9998 9.999E-05
0.0345452 9.9991E-05 0.965355
0.384582 0.615318 9.9991E-05
9.9991E-05 0.83391 0.16599
0.317984 0.681916 9.9991E-05
0.820181 0.179719 9.9991E-05
9.9991E-05 0.00346476 0.996435
0.590464 0.409436 9.9991E-05
0.478707 9.9991E-05 0.521193
0.895523 0.104377 9.9991E-05
0.884724 0.1141 0.00117582
0.769267 9.9991E-05 0.230633
0.754701 0.245199 9.9991E-05
0.221549 0.254421 0.52403
9.9991E-05 0.759545 0.240355
0.414004 0.585896 9.9991E-05
9.9991E-05 0.248956 0.750944
0.507506 0.234486 0.258008
9.999E-05 9.999E-05 0.9998
0.361237 9.9991E-05 0.638663
9.9991E-05 0.924124 0.0757755
9.999E-05 0.9998 9.999E-05
9.999E-05 0.9998 9.999E-05
0.631936 9.9991E-05 0.367964
9.9991E-05 0.0475767 0.952323
0.937422 0.0624782 9.9991E-05
0.762885 9.9991E-05 0.237015
0.615064 9.9991E-05 0.384836
0.0829901 0.774846 0.142164
0.574186 9.9991E-05 0.425714
0.259592 9.9991E-05 0.740308
9.999E-05 9.999E-05 0.9998
0.908937 0.0909629 9.9991E-05
9.9991E-05 0.833284 0.166616
0.36837 0.63153 9.9991E-05
9.9991E-05 0.0125784 0.987322
0.9998 9.999E-05 9.999E-05
0.872872 9.9991E-05 0.127028
0.521838 0.478062 9.9991E-05
0.913681 0.0850445 0.00127408
