0.0022424 0.244905 0.752852
0.025235 0.00994615 0.964819
9.999E-05 0.514346 0.485554
0.0722324 0.122174 0.805594
0.0790313 0.920869 9.9991E-05
0.618442 9.9991E-05 0.381458
0.0208335 0.949783 0.0293835
9.999E-05 0.028488 0.971412
0.990278 9.9991E-05 0.00962163
0.0187965 0.981104 9.9991E-05
9.999E-05 0.9998 9.999E-05
0.0181603 9.9991E-05 0.98174
0.307253 0.692647 9.9991E-05
9.9991E-05 0.794596 0.205304
0.24373 0.75617 9.9991E-05
0.754953 0.244947 9.9991E-05
9.999E-05 9.999E-05 0.9998
0.587303 0.412597 9.9991E-05
0.549635 9.9991E-05 0.450265
0.851851 0.148049 9.9991E-05
0.84969 0.15021 9.9991E-05
0.768093 9.9991E-05 0.231807
0.70408 0.29582 9.9991E-05
0.128884 0.280008 0.591108
9.9991E-05 0.782643 0.217257
0.386577 0.613323 9.9991E-05
9.9991E-05 0.187187 0.812713
0.539639 0.302331 0.15803
9.99911E-05 0.00387679 0.996023
0.322426 9.9991E-05 0.677474
9.9991E-05 0.957078 0.0428218
9.9991E-05 0.995598 0.0043023
9.999E-05 0.9998 9.999E-05
0.709815 0.00224004 0.287945
9.9991E-05 0.0129243 0.986976
0.880126 0.119774 9.9991E-05
0.760081 9.9991E-05 0.239819
0.651362 9.9991E-05 0.348538
0.0689615 0.701226 0.229813
0.548618 9.9991E-05 0.451282
0.381529 9.9991E-05 0.618371
9.999E-05 9.999E-05 0.9998
0.805463 0.194437 9.99911E-05
9.9991E-05 0.829358 0.170542
0.314444 0.685456 9.9991E-05
9.999E-05 9.999E-05 0.9998
0.993485 0.00641481 9.9991E-05
0.853977 9.9991E-05 0.145923
0.470253 0.529647 9.9991E-05
0.876327 0.123573 9.9991E-05
