0.276835 9.9991E-05 0.723065
0.00978687 9.9991E-05 0.990113
0.450274 9.9991E-05 0.549626
0.189194 0.0109777 0.799829
0.828394 0.171506 9.9991E-05
9.999E-05 0.47189 0.52801
0.843193 0.116338 0.0404686
0.0557268 9.9991E-05 0.944173
9.9991E-05 0.904117 0.0957827
0.909383 0.0905171 9.9991E-05
0.9998 9.999E-05 9.999E-05
9.999E-05 9.999E-05 0.9998
0.668628 0.331272 9.9991E-05
0.855702 9.9991E-05 0.144198
0.638009 0.361891 9.9991E-05
0.159037 0.840863 9.9991E-05
0.0589387 9.9991E-05 0.940961
0.319789 0.680111 9.9991E-05
9.9991E-05 0.351562 0.648338
0.0723451 0.927555 9.9991E-05
0.0681396 0.93176 9.9991E-05
9.9991E-05 0.757727 0.242173
0.262384 0.737516 9.9991E-05
0.351388 0.165488 0.483124
0.762714 9.9991E-05 0.237186
0.543164 0.456736 9.9991E-05
0.284363 9.9991E-05 0.715537
0.192403 0.499608 0.307989
0.0436047 9.99911E-05 0.956295
9.9991E-05 0.328934 0.670966
0.9998 9.999E-05 9.999E-05
0.9998 9.999E-05 9.999E-05
0.9998 9.999E-05 9.999E-05
9.9991E-05 0.54684 0.45306
0.11112 9.9991E-05 0.88878
9.999E-05 0.9998 9.999E-05
9.9991E-05 0.619115 0.380785
9.9991E-05 0.560374 0.439526
0.746588 0.126277 0.127136
9.9991E-05 0.457498 0.542402
9.9991E-05 0.194942 0.804958
9.999E-05 9.999E-05 0.9998
0.0349546 0.964945 9.9991E-05
0.855563 9.9991E-05 0.144337
0.53902 0.46088 9.9991E-05
0.0167732 9.9991E-05 0.983127
9.999E-05 0.9998 9.999E-05
9.9991E-05 0.783988 0.215912
0.42657 0.57333 9.9991E-05
0.0610072 0.905811 0.0331817
