9.9991E-05 0.734055 0.265845
9.999E-05 0.950895 0.0490049
9.999E-05 0.492512 0.507388
0.0404219 0.77013 0.189448
0.17715 9.9991E-05 0.82275
0.455521 0.544379 9.9991E-05
0.0799429 0.0535433 0.866514
9.999E-05 0.873044 0.126856
0.932264 0.0676364 9.9991E-05
0.0542147 9.9991E-05 0.945685
9.999E-05 9.999E-05 0.9998
9.999E-05 0.9998 9.999E-05
0.368403 9.9991E-05 0.631497
9.9991E-05 0.163606 0.836294
0.358779 9.9991E-05 0.641121
0.922809 9.9991E-05 0.0770913
9.9991E-05 0.951212 0.0486877
0.611822 0.00277717 0.385401
0.366662 0.633238 9.9991E-05
0.97995 9.9991E-05 0.0199501
0.914006 9.9991E-05 0.0858938
0.660995 0.338905 9.9991E-05
0.841127 9.9991E-05 0.158773
0.142236 0.517882 0.339883
9.9991E-05 0.191353 0.808547
0.478694 9.9991E-05 0.521206
9.9991E-05 0.697702 0.302198
0.503079 0.28644 0.210481
9.99911E-05 0.993428 0.00647174
0.263844 0.736056 9.9991E-05
9.9991E-05 0.0674013 0.932499
9.999E-05 9.999E-05 0.9998
9.999E-05 9.999E-05 0.9998
0.441152 0.558748 9.9991E-05
9.9991E-05 0.872598 0.127302
0.995619 9.9991E-05 0.0042808
0.638573 0.361327 9.9991E-05
0.555667 0.444233 9.9991E-05
0.0565072 0.231965 0.711528
0.390186 0.609714 9.9991E-05
0.185762 0.814138 9.9991E-05
9.999E-05 0.9998 9.999E-05
0.999007 9.99911E-05 0.000893416
9.9991E-05 0.147338 0.852562
0.477846 9.9991E-05 0.522054
9.9991E-05 0.963043 0.0368566
0.9998 9.999E-05 9.999E-05
0.744131 0.255769 9.9991E-05
0.545501 9.9991E-05 0.454399
0.846495 0.0554636 0.0980412
