0.342175 9.9991E-05 0.657725
0.0707274 9.9991E-05 0.929173
0.556853 9.9991E-05 0.443047
0.184517 9.9991E-05 0.815383
0.808713 0.191187 9.9991E-05
9.999E-05 0.411476 0.588424
0.861807 0.0968803 0.0413131
0.158929 9.9991E-05 0.840971
9.9991E-05 0.849902 0.149998
0.894968 0.104932 9.9991E-05
0.9998 9.999E-05 9.999E-05
0.0265502 9.9991E-05 0.97335
0.611814 0.388086 9.9991E-05
0.827766 9.9991E-05 0.172134
0.606374 0.393526 9.9991E-05
0.107209 0.892691 9.9991E-05
0.0492404 9.9991E-05 0.95066
0.318 0.604517 0.0774826
9.9991E-05 0.344805 0.655095
0.00554076 0.994359 9.9991E-05
0.0713789 0.870349 0.0582717
9.9991E-05 0.67234 0.32756
0.165888 0.834012 9.9991E-05
0.303998 0.17051 0.525493
0.798541 9.9991E-05 0.201359
0.448943 0.550957 9.9991E-05
0.292742 9.9991E-05 0.707158
0.198358 0.441408 0.360235
0.0544739 9.99911E-05 0.945426
9.9991E-05 0.215467 0.784433
0.968252 9.9991E-05 0.0316479
0.9998 9.999E-05 9.999E-05
0.9998 9.999E-05 9.999E-05
9.9991E-05 0.43842 0.56148
0.0387687 9.9991E-05 0.961131
9.999E-05 0.9998 9.999E-05
9.9991E-05 0.569418 0.430482
9.9991E-05 0.434558 0.565342
0.791808 0.0488304 0.159362
9.9991E-05 0.350607 0.649293
9.9991E-05 0.129373 0.870527
9.999E-05 9.999E-05 0.9998
0.0613249 0.938575 9.99911E-05
0.864276 9.9991E-05 0.135624
0.558109 0.441791 9.9991E-05
0.0611755 9.9991E-05 0.938725
9.999E-05 0.9998 9.999E-05
9.9991E-05 0.668419 0.331481
0.415515 0.584385 9.9991E-05
0.0355069 0.902495 0.0619984
