0.670248 0.304288 0.0254637
0.953174 0.0467263 9.9991E-05
0.507381 0.492519 9.9991E-05
0.84673 0.139855 0.0134148
9.9991E-05 0.82207 0.17783
0.459988 9.9991E-05 0.539912
0.0314282 0.895967 0.0726045
0.90812 0.0917799 9.9991E-05
0.0980342 9.9991E-05 0.901866
9.9991E-05 0.922417 0.0774835
9.999E-05 0.9998 9.999E-05
0.9998 9.999E-05 9.999E-05
9.9991E-05 0.632708 0.367192
0.160687 0.839213 9.9991E-05
9.9991E-05 0.637979 0.361921
9.9991E-05 0.157421 0.842479
0.977746 0.0221543 9.9991E-05
9.9991E-05 0.429376 0.570524
0.593855 9.9991E-05 0.406045
9.9991E-05 0.0391459 0.960754
9.9991E-05 0.0800323 0.919868
0.371063 9.9991E-05 0.628837
9.9991E-05 0.21158 0.78832
0.656708 0.253419 0.0898725
0.154885 0.845015 9.9991E-05
9.9991E-05 0.576446 0.423454
0.777244 0.222656 9.9991E-05
0.305322 0.199313 0.495364
0.976412 0.0234877 9.99911E-05
0.707048 9.9991E-05 0.292852
0.0449611 0.954939 9.9991E-05
0.000739414 0.999161 9.9991E-05
9.999E-05 0.9998 9.999E-05
0.442769 9.9991E-05 0.557131
0.9998 9.999E-05 9.999E-05
9.9991E-05 0.010014 0.989886
0.354563 9.9991E-05 0.645337
0.451897 9.9991E-05 0.548003
0.124293 0.738791 0.136916
0.588327 9.9991E-05 0.411573
0.733607 9.9991E-05 0.266293
0.9998 9.999E-05 9.999E-05
9.9991E-05 0.0388203 0.96108
0.132635 0.867265 9.9991E-05
9.9991E-05 0.644186 0.355714
0.993957 0.00594328 9.9991E-05
9.999E-05 9.999E-05 0.9998
0.245373 9.9991E-05 0.754527
9.9991E-05 0.483033 0.516867
0.0889851 0.0424482 0.868567
