0.674987 0.324913 9.9991E-05
0.976724 0.0231759 9.9991E-05
0.44729 0.55261 9.9991E-05
0.753249 0.246651 9.9991E-05
9.9991E-05 0.799057 0.200843
0.59008 9.9991E-05 0.40982
9.999E-05 0.916702 0.0831976
0.915078 0.0848218 9.9991E-05
0.0749012 9.9991E-05 0.924999
9.9991E-05 0.939367 0.0605333
9.999E-05 0.9998 9.999E-05
0.9998 9.999E-05 9.999E-05
9.9991E-05 0.631291 0.368609
0.140753 0.859147 9.9991E-05
9.9991E-05 0.649498 0.350402
9.9991E-05 0.101196 0.898704
0.986842 0.0130583 9.9991E-05
9.9991E-05 0.371374 0.628526
0.646682 9.9991E-05 0.353218
9.9991E-05 0.030567 0.969333
9.9991E-05 0.0577784 0.942122
0.275023 9.9991E-05 0.724877
9.9991E-05 0.214831 0.785069
0.628092 0.274274 0.097634
0.158376 0.841524 9.9991E-05
9.9991E-05 0.482676 0.517225
0.722578 0.277322 9.9991E-05
0.254727 0.232055 0.513218
0.967875 0.0320248 9.99911E-05
0.723335 9.9991E-05 0.276565
0.00557407 0.994326 9.9991E-05
9.999E-05 0.9998 9.999E-05
9.999E-05 0.9998 9.999E-05
0.498554 9.9991E-05 0.501346
0.960258 0.0396424 9.9991E-05
9.9991E-05 0.0700885 0.929812
0.325116 9.9991E-05 0.674784
0.436854 9.9991E-05 0.563046
0.188911 0.726471 0.0846173
0.572473 9.9991E-05 0.427427
0.778628 9.9991E-05 0.221272
0.9998 9.999E-05 9.999E-05
9.99911E-05 0.0670439 0.932856
0.117169 0.882731 9.9991E-05
9.9991E-05 0.531705 0.468195
0.944898 0.0550018 9.9991E-05
9.999E-05 9.999E-05 0.9998
0.186102 9.9991E-05 0.813798
9.9991E-05 0.443106 0.556794
0.0508876 0.0223043 0.926808
