0.0242243 0.675912 0.299864
9.999E-05 0.936391 0.0635088
9.999E-05 0.403949 0.595951
0.0085163 0.860344 0.13114
0.182327 9.9991E-05 0.817573
0.397901 0.601999 9.9991E-05
0.0565449 0.0519892 0.891466
9.999E-05 0.895195 0.104705
0.865401 0.134499 9.9991E-05
0.0843779 9.9991E-05 0.915522
9.999E-05 9.999E-05 0.9998
9.999E-05 0.9998 9.999E-05
0.350869 9.9991E-05 0.649031
9.9991E-05 0.244752 0.755148
0.35373 9.9991E-05 0.64617
0.868038 9.9991E-05 0.131862
9.9991E-05 0.970795 0.0291047
0.627828 0.0184842 0.353688
0.299232 0.700668 9.9991E-05
0.949665 9.9991E-05 0.0502354
0.982826 9.9991E-05 0.0170741
0.71663 0.28327 9.9991E-05
0.79688 9.9991E-05 0.20302
0.106841 0.601919 0.29124
9.9991E-05 0.258404 0.741496
0.506538 9.9991E-05 0.493362
9.9991E-05 0.693631 0.306269
0.501229 0.31808 0.180691
9.999E-05 0.9998 9.999E-05
0.283271 0.716629 9.9991E-05
9.999E-05 9.999E-05 0.9998
9.999E-05 9.999E-05 0.9998
9.999E-05 9.999E-05 0.9998
0.458365 0.541535 9.9991E-05
9.9991E-05 0.939746 0.0601539
0.945703 9.9991E-05 0.0541971
0.568523 0.431377 9.9991E-05
0.45958 0.54032 9.9991E-05
0.128199 0.21931 0.65249
0.356079 0.643821 9.9991E-05
0.158294 0.841606 9.9991E-05
9.999E-05 0.9998 9.999E-05
0.9998 9.999E-05 9.999E-05
9.9991E-05 0.171028 0.828872
0.483511 9.9991E-05 0.516389
9.9991E-05 0.953585 0.046315
0.9998 9.999E-05 9.999E-05
0.784648 0.215252 9.9991E-05
0.59198 9.9991E-05 0.40792
0.884967 0.0487031 0.0663302
