9.99821E-05 0.132455 0.284604 0.582741 9.99821E-05
9.9973E-05 0.096687 9.9973E-05 0.903013 9.9973E-05
9.9982E-05 0.0464646 0.59659 0.356745 9.9982E-05
0.314357 9.9991E-05 0.0726724 0.524732 0.0881386
0.00644194 0.00309966 9.9991E-05 0.00566861 0.98469
0.864353 9.9973E-05 0.135347 9.9973E-05 9.9973E-05
0.0557171 0.0485234 0.440872 0.0178759 0.437012
9.99731E-05 9.99731E-05 0.078103 0.921597 9.99731E-05
0.541264 0.458436 9.99731E-05 9.99731E-05 9.99731E-05
9.997E-05 9.997E-05 9.997E-05 9.997E-05 0.9996
9.99731E-05 9.99731E-05 0.154862 9.99731E-05 0.844838
0.116955 9.9973E-05 9.9973E-05 0.882745 9.9973E-05
9.9991E-05 0.390007 0.244882 0.0228003 0.342211
9.99821E-05 9.99821E-05 0.76012 0.0865607 0.153119
0.0112725 0.145364 9.9982E-05 9.9982E-05 0.843164
9.99731E-05 0.909016 0.0906841 9.99731E-05 9.99731E-05
0.125868 9.9982E-05 0.0839051 0.790027 9.9982E-05
0.219793 0.375446 0.0907688 9.9991E-05 0.313892
0.9996 9.997E-05 9.997E-05 9.997E-05 9.997E-05
9.997E-05 0.9996 9.997E-05 9.997E-05 9.997E-05
0.0389541 0.898767 9.9982E-05 0.0620788 9.9982E-05
0.399618 0.51864 9.9982E-05 0.0815416 9.9982E-05
9.9973E-05 0.875338 0.124362 9.9973E-05 9.9973E-05
0.177407 0.0841746 0.0900241 0.435482 0.212912
0.0160876 0.0160462 0.967666 9.9982E-05 9.9982E-05
9.9973E-05 0.435868 9.9973E-05 9.9973E-05 0.563832
0.117258 9.9982E-05 0.350518 0.532023 9.9982E-05
0.507811 0.181042 0.0985819 9.9991E-05 0.212465
9.99731E-05 0.0579632 9.99731E-05 0.941737 9.99731E-05
0.7122 9.99731E-05 9.99731E-05 0.2875 9.99731E-05
9.99731E-05 9.99731E-05 0.98386 9.99731E-05 0.0158403
9.997E-05 9.997E-05 0.944638 9.997E-05 0.0550625
9.9982E-05 9.9982E-05 0.154276 0.027206 0.818318
0.855397 0.0432167 0.101187 9.9982E-05 9.9982E-05
0.197084 9.9982E-05 0.0832762 0.719439 9.9982E-05
0.0775841 0.880753 0.0414633 9.9982E-05 9.9982E-05
0.714135 0.285565 9.9973E-05 9.9973E-05 9.9973E-05
0.921288 9.9973E-05 0.0784126 9.9973E-05 9.9973E-05
0.158073 9.9991E-05 0.412247 0.0543159 0.375264
0.908249 9.99821E-05 9.99821E-05 0.0460359 0.0455149
0.825958 9.9973E-05 9.9973E-05 0.173742 9.9973E-05
0.128533 9.9973E-05 9.9973E-05 0.871167 9.9973E-05
9.99731E-05 0.969675 9.99731E-05 9.99731E-05 0.0300248
9.997E-05 9.997E-05 0.9996 9.997E-05 9.997E-05
9.99731E-05 0.37216 9.99731E-05 9.99731E-05 0.627541
9.99731E-05 0.0553876 9.99731E-05 0.944312 9.99731E-05
0.166448 0.833252 9.9973E-05 9.9973E-05 9.9973E-05
0.840228 0.159472 9.99731E-05 9.99731E-05 9.99731E-05
9.99821E-05 0.508407 9.99821E-05 0.0537228 0.43767
0.305863 0.638217 9.9982E-05 9.9982E-05 0.0557207
