0.121213 0.670443 9.998E-05 9.998E-05 0.208145
0.0163113 0.983389 9.99731E-05 9.99731E-05 9.99731E-05
0.0372495 0.368326 9.9982E-05 9.9982E-05 0.594225
9.999E-05 0.553596 0.000824586 0.275129 0.170351
9.9982E-05 9.9982E-05 0.927801 0.0172474 0.0547518
0.0223361 9.9982E-05 9.9982E-05 0.890274 0.08719
0.00616114 9.999E-05 0.328792 0.110687 0.55426
0.00186343 0.939958 9.99821E-05 9.99821E-05 0.0579788
0.451525 9.99731E-05 9.99731E-05 0.548175 9.99731E-05
9.997E-05 9.997E-05 0.9996 9.997E-05 9.997E-05
9.997E-05 9.997E-05 0.656725 9.997E-05 0.342975
9.9973E-05 0.896821 9.9973E-05 0.102879 9.9973E-05
0.14909 9.999E-05 0.540181 0.108272 0.202357
0.0127279 9.9991E-05 0.0838743 0.0534705 0.849827
0.0548011 9.99731E-05 0.944899 9.99731E-05 9.99731E-05
0.864056 9.99731E-05 9.99731E-05 9.99731E-05 0.135644
9.998E-05 0.834654 9.998E-05 0.157972 0.00717441
0.137564 9.9991E-05 0.484687 0.370885 0.00676388
9.997E-05 9.997E-05 9.997E-05 0.9996 9.997E-05
0.9996 9.997E-05 9.997E-05 9.997E-05 9.997E-05
0.854682 0.074777 0.035157 0.0352837 9.9991E-05
0.5076 0.150748 9.9982E-05 0.341452 9.9982E-05
0.784623 9.9982E-05 0.118481 9.9982E-05 0.0966964
0.237917 0.435836 9.9991E-05 0.081424 0.244722
9.9973E-05 9.9973E-05 9.9973E-05 0.023108 0.976592
0.253514 9.9973E-05 0.746186 9.9973E-05 9.9973E-05
9.998E-05 0.589146 9.998E-05 0.0802201 0.330434
0.081166 9.999E-05 0.154268 0.626619 0.137847
0.0132576 0.986442 9.997E-05 9.997E-05 9.997E-05
9.99731E-05 0.245192 9.99731E-05 0.754508 9.99731E-05
9.997E-05 9.997E-05 9.997E-05 9.997E-05 0.9996
9.997E-05 9.997E-05 9.997E-05 9.997E-05 0.9996
9.9973E-05 9.9973E-05 0.658917 9.9973E-05 0.340783
9.9973E-05 9.9973E-05 9.9973E-05 0.947496 0.0522037
9.9982E-05 0.74712 9.9982E-05 0.169078 0.0836016
0.910225 9.998E-05 9.998E-05 0.0649121 0.024663
0.246086 9.9973E-05 9.9973E-05 0.753614 9.9973E-05
0.00338313 9.998E-05 9.998E-05 0.93291 0.0635068
9.999E-05 0.130095 0.45983 0.0301831 0.379792
9.998E-05 0.0247125 0.0677981 0.90729 9.998E-05
9.997E-05 0.205251 9.997E-05 0.794449 9.997E-05
9.9973E-05 0.839864 9.9973E-05 0.159836 9.9973E-05
0.985525 9.99731E-05 0.0141755 9.99731E-05 9.99731E-05
9.997E-05 9.997E-05 9.997E-05 9.997E-05 0.9996
0.26885 9.9973E-05 0.73085 9.9973E-05 9.9973E-05
0.0361313 0.963569 9.99731E-05 9.99731E-05 9.99731E-05
0.831735 9.997E-05 9.997E-05 0.167965 9.997E-05
0.194006 9.99731E-05 9.99731E-05 0.805694 9.99731E-05
0.256368 0.13541 0.608022 9.99821E-05 9.99821E-05
0.718654 9.99731E-05 9.99731E-05 0.281046 9.99731E-05
