0.0771888 0.159495 0.092105 0.671111 9.9991E-05
9.997E-05 9.997E-05 0.0943571 0.905343 9.997E-05
9.9982E-05 0.470718 0.113502 0.41558 9.9982E-05
0.0723958 0.0918761 9.9991E-05 0.617 0.218629
0.978995 9.9973E-05 9.9973E-05 0.0207055 9.9973E-05
9.999E-05 0.0518319 0.042549 0.0172958 0.888223
0.143753 0.73548 0.0936036 9.9991E-05 0.0270641
9.99731E-05 0.0213665 9.99731E-05 0.978334 9.99731E-05
9.99731E-05 9.99731E-05 0.529713 9.99731E-05 0.469987
0.9996 9.997E-05 9.997E-05 9.997E-05 9.997E-05
0.520589 0.479111 9.99731E-05 9.99731E-05 9.99731E-05
9.997E-05 9.997E-05 9.997E-05 0.867029 0.132671
0.747049 0.0437691 0.084169 0.0252168 0.0997958
0.204777 0.694179 9.9991E-05 0.080618 0.0203262
0.989506 9.9982E-05 0.010081 9.9982E-05 0.000212753
9.99731E-05 0.0912253 0.908475 9.99731E-05 9.99731E-05
9.9973E-05 9.9973E-05 9.9973E-05 0.894469 0.105232
0.416378 0.102426 0.200841 9.9991E-05 0.280255
9.997E-05 9.997E-05 9.997E-05 9.997E-05 0.9996
9.99731E-05 0.00747371 0.992226 9.99731E-05 9.99731E-05
0.127196 9.9991E-05 0.787705 0.00878586 0.0762128
0.0335783 9.9991E-05 0.438754 0.102998 0.42457
0.20633 0.0449409 0.748529 9.9982E-05 9.9982E-05
9.999E-05 0.291313 0.220724 0.42459 0.0632734
9.9982E-05 0.94749 0.00634144 9.9982E-05 0.0459685
0.733416 9.9973E-05 0.266284 9.9973E-05 9.9973E-05
9.998E-05 0.356977 9.998E-05 0.584399 0.0584236
0.26886 0.0992574 9.99821E-05 9.99821E-05 0.631682
9.997E-05 9.997E-05 0.0904716 0.909228 9.997E-05
9.99731E-05 9.99731E-05 9.99731E-05 0.334581 0.665119
9.997E-05 0.9996 9.997E-05 9.997E-05 9.997E-05
9.997E-05 0.9996 9.997E-05 9.997E-05 9.997E-05
0.655765 0.343935 9.9973E-05 9.9973E-05 9.9973E-05
9.998E-05 0.0736551 0.0253292 9.998E-05 0.900816
9.998E-05 0.10049 9.998E-05 0.751463 0.147847
9.9982E-05 9.9982E-05 0.954418 0.00533935 0.040043
9.997E-05 9.997E-05 0.226229 9.997E-05 0.773471
9.9982E-05 0.091083 0.0572853 9.9982E-05 0.851432
0.253527 0.537965 9.9991E-05 0.207353 0.0010552
0.0471934 9.99821E-05 9.99821E-05 0.0396553 0.912951
9.997E-05 9.997E-05 9.997E-05 0.146121 0.853579
9.9973E-05 9.9973E-05 9.9973E-05 0.860173 0.139527
0.13975 9.997E-05 0.85995 9.997E-05 9.997E-05
9.997E-05 0.9996 9.997E-05 9.997E-05 9.997E-05
0.757419 9.99731E-05 0.242281 9.99731E-05 9.99731E-05
9.99731E-05 9.99731E-05 0.0798861 0.919814 9.99731E-05
9.9973E-05 9.9973E-05 0.906444 9.9973E-05 0.0932558
9.99731E-05 9.99731E-05 0.142016 9.99731E-05 0.857684
0.578522 9.99821E-05 0.294108 0.12717 9.99821E-05
0.105508 9.9982E-05 0.6407 9.9982E-05 0.253591
