0.636524 0.0836652 9.9982E-05 9.9982E-05 0.279611
0.928226 0.0714744 9.9973E-05 9.9973E-05 9.9973E-05
0.396064 0.0233911 9.9982E-05 9.9982E-05 0.580345
0.521201 9.99821E-05 9.99821E-05 0.225429 0.25317
0.0278001 0.101497 0.849328 0.000453938 0.0209211
9.9973E-05 9.9973E-05 9.9973E-05 0.918486 0.0812139
9.9991E-05 0.126289 0.30623 0.0758245 0.491557
0.990686 9.99731E-05 9.99731E-05 9.99731E-05 0.00901414
9.99731E-05 0.341043 9.99731E-05 0.658657 9.99731E-05
9.997E-05 9.997E-05 0.9996 9.997E-05 9.997E-05
9.997E-05 9.997E-05 0.9996 9.997E-05 9.997E-05
0.907056 9.9973E-05 9.9973E-05 0.0926442 9.9973E-05
9.9991E-05 0.205251 0.428912 0.126371 0.239366
9.99821E-05 9.99821E-05 0.0573737 0.0837208 0.858706
9.9973E-05 0.236239 0.763461 9.9973E-05 9.9973E-05
9.99731E-05 0.950842 9.99731E-05 9.99731E-05 0.0488579
0.927694 9.9991E-05 0.000312136 0.0436725 0.0282215
9.9982E-05 0.287101 0.426176 0.286523 9.9982E-05
0.0116956 9.997E-05 9.997E-05 0.988005 9.997E-05
0.023451 0.943367 9.99821E-05 0.0329825 9.99821E-05
0.0538536 0.836008 9.9982E-05 0.109939 9.9982E-05
0.134159 0.398321 9.9982E-05 0.46732 9.9982E-05
9.9982E-05 0.89898 0.0248668 9.9982E-05 0.0759529
0.466931 0.133187 0.125368 0.139604 0.13491
9.99731E-05 9.99731E-05 9.99731E-05 0.0595577 0.940142
9.9973E-05 0.493498 0.506202 9.9973E-05 9.9973E-05
0.49655 9.9982E-05 9.9982E-05 0.105542 0.397708
9.999E-05 0.0616776 0.177472 0.624441 0.136309
0.921788 0.0779121 9.997E-05 9.997E-05 9.997E-05
0.44096 9.99821E-05 0.00985604 0.548984 9.99821E-05
9.99731E-05 9.99731E-05 0.0143256 9.99731E-05 0.985374
9.997E-05 9.997E-05 9.997E-05 9.997E-05 0.9996
9.9973E-05 9.9973E-05 0.721916 9.9973E-05 0.277784
9.99731E-05 9.99731E-05 9.99731E-05 0.931988 0.0677117
0.83338 9.9982E-05 9.9982E-05 0.128182 0.0382381
9.9973E-05 0.832844 9.9973E-05 0.166856 9.9973E-05
9.9973E-05 0.214358 9.9973E-05 0.785343 9.9973E-05
0.0324218 9.9991E-05 0.0489652 0.89441 0.0241035
0.0510231 9.9991E-05 0.584698 0.114247 0.249932
0.20317 9.99821E-05 0.056612 0.740018 9.99821E-05
0.240274 9.9973E-05 9.9973E-05 0.759426 9.9973E-05
0.905201 9.9973E-05 9.9973E-05 0.0944991 9.9973E-05
0.0126 0.9871 9.99731E-05 9.99731E-05 9.99731E-05
9.997E-05 9.997E-05 9.997E-05 9.997E-05 0.9996
9.99731E-05 0.437398 0.562302 9.99731E-05 9.99731E-05
0.9996 9.997E-05 9.997E-05 9.997E-05 9.997E-05
9.9973E-05 0.702079 9.9973E-05 0.297621 9.9973E-05
9.99731E-05 0.0915153 9.99731E-05 0.908185 9.99731E-05
0.117958 0.489741 0.392101 9.99821E-05 9.99821E-05
9.9982E-05 0.700274 0.0169595 0.282566 9.9982E-05
