0.277533 9.9982E-05 0.594394 0.127873 9.9982E-05
9.9973E-05 9.9973E-05 0.919201 0.0804991 9.9973E-05
0.585301 9.9982E-05 0.380469 0.0340298 9.9982E-05
0.182473 9.99821E-05 0.58058 9.99821E-05 0.236747
0.0351304 0.886922 0.0466854 0.0161549 0.0151073
0.10269 9.9982E-05 9.9982E-05 0.06606 0.83105
0.474275 0.466911 0.00476208 9.9991E-05 0.0539523
0.0376547 9.99731E-05 0.962045 9.99731E-05 9.99731E-05
9.9973E-05 9.9973E-05 9.9973E-05 0.455826 0.543874
9.997E-05 0.9996 9.997E-05 9.997E-05 9.997E-05
0.297466 0.702234 9.99731E-05 9.99731E-05 9.99731E-05
9.9973E-05 9.9973E-05 0.946401 9.9973E-05 0.0532987
0.221298 0.44163 9.9991E-05 0.24319 0.093782
0.7416 0.157613 0.0639937 9.9991E-05 0.0366935
9.9973E-05 0.906738 9.9973E-05 0.092962 9.9973E-05
0.128511 9.99821E-05 9.99821E-05 0.818467 0.0528226
9.9982E-05 0.00495807 0.824548 9.9982E-05 0.170294
0.044078 0.354108 9.9991E-05 0.290033 0.311681
9.997E-05 9.997E-05 9.997E-05 9.997E-05 0.9996
9.99731E-05 9.99731E-05 9.99731E-05 0.96912 0.0305806
9.9982E-05 9.9982E-05 0.0493835 0.789918 0.160499
9.999E-05 0.0150586 0.0657513 0.334242 0.584848
0.120856 0.0615011 9.9982E-05 0.817443 9.9982E-05
0.22945 0.0180041 0.470226 0.206972 0.0753483
0.994998 9.9973E-05 9.9973E-05 0.00470222 9.9973E-05
9.9973E-05 0.610847 9.9973E-05 0.388853 9.9973E-05
0.304638 9.99821E-05 0.683577 9.99821E-05 0.0115859
9.99821E-05 0.32865 9.99821E-05 0.0104393 0.660711
9.99732E-05 9.99732E-05 0.906715 0.092985 9.99732E-05
9.99731E-05 9.99731E-05 0.281351 9.99731E-05 0.718349
0.876 0.1237 9.9973E-05 9.9973E-05 9.9973E-05
0.944494 0.0552057 9.99731E-05 9.99731E-05 9.99731E-05
0.110748 0.862029 0.0270234 9.9982E-05 9.9982E-05
0.102445 9.9973E-05 9.9973E-05 9.9973E-05 0.897255
0.089505 9.9982E-05 0.762984 9.9982E-05 0.147311
9.9973E-05 9.9973E-05 9.9973E-05 0.872529 0.127171
9.9973E-05 9.9973E-05 9.9973E-05 0.116878 0.882823
0.0604161 9.9982E-05 9.9982E-05 0.0378903 0.901494
0.379236 0.472635 0.052714 0.0288895 0.0665252
9.99821E-05 0.0355025 0.140781 9.99821E-05 0.823516
9.9973E-05 9.9973E-05 0.218232 9.9973E-05 0.781468
9.9973E-05 9.9973E-05 0.797717 9.9973E-05 0.201983
9.99731E-05 0.00306012 9.99731E-05 0.99664 9.99731E-05
0.9996 9.997E-05 9.997E-05 9.997E-05 9.997E-05
9.99731E-05 0.629337 9.99731E-05 0.370363 9.99731E-05
9.99731E-05 9.99731E-05 0.993421 0.006279 9.99731E-05
9.9973E-05 9.9973E-05 9.9973E-05 0.827435 0.172265
9.99731E-05 9.99731E-05 9.99731E-05 0.106234 0.893466
9.99821E-05 0.44861 0.0758364 0.475354 9.99821E-05
9.9982E-05 0.0786371 9.9982E-05 0.541113 0.38005
