9.9982E-05 9.9982E-05 0.142514 0.181356 0.675929
9.9973E-05 9.9973E-05 0.0523013 9.9973E-05 0.947399
9.998E-05 9.998E-05 0.0251995 0.520201 0.454399
9.998E-05 0.250469 9.998E-05 0.23524 0.514091
0.921488 9.9982E-05 9.9982E-05 0.0669574 0.0113546
9.998E-05 0.894833 0.0100822 0.0948852 9.998E-05
0.110247 0.0365255 0.0612709 0.791856 9.9991E-05
9.99731E-05 9.99731E-05 9.99731E-05 0.066284 0.933416
9.997E-05 0.535517 0.464183 9.997E-05 9.997E-05
0.889303 9.9973E-05 9.9973E-05 0.110397 9.9973E-05
0.393378 9.99732E-05 9.99732E-05 0.606322 9.99732E-05
9.9973E-05 0.0687577 9.9973E-05 9.9973E-05 0.930942
0.47853 0.036918 0.205804 0.278648 9.999E-05
0.0192334 0.0813718 9.9982E-05 0.899195 9.9982E-05
0.9996 9.997E-05 9.997E-05 9.997E-05 9.997E-05
9.997E-05 9.997E-05 0.935835 0.0638646 9.997E-05
9.99731E-05 0.0787977 9.99731E-05 9.99731E-05 0.920902
0.241133 0.124491 0.463029 0.171247 9.9991E-05
9.997E-05 0.9996 9.997E-05 9.997E-05 9.997E-05
0.0193566 9.99821E-05 0.977019 9.99821E-05 0.00342405
0.0516349 0.0334392 0.836144 9.9991E-05 0.0786818
0.0267385 0.47213 0.413359 9.9991E-05 0.0876723
9.997E-05 9.997E-05 0.845067 0.154633 9.997E-05
0.0297498 0.128633 0.161998 0.261371 0.418248
9.9991E-05 0.0874275 0.0232942 0.839711 0.0494673
0.824152 9.9973E-05 0.175548 9.9973E-05 9.9973E-05
9.998E-05 0.0341381 9.998E-05 0.294876 0.670786
0.252231 0.582075 9.998E-05 0.165494 9.998E-05
9.99732E-05 9.99732E-05 0.037608 9.99732E-05 0.962092
9.997E-05 0.723276 9.997E-05 9.997E-05 0.276424
9.997E-05 9.997E-05 9.997E-05 0.9996 9.997E-05
9.997E-05 9.997E-05 9.997E-05 0.9996 9.997E-05
0.465477 9.997E-05 9.997E-05 0.534223 9.997E-05
0.0348592 0.927455 9.9982E-05 0.0374858 9.9982E-05
9.9982E-05 0.147801 9.9982E-05 0.090001 0.761998
9.9973E-05 9.9973E-05 0.995277 0.0044226 9.9973E-05
9.9973E-05 0.792333 0.207367 9.9973E-05 9.9973E-05
0.0178185 0.910503 9.9982E-05 0.0714785 9.9982E-05
0.26684 0.0312099 9.9991E-05 0.530132 0.171718
0.0727479 0.776545 9.998E-05 9.998E-05 0.150507
9.997E-05 0.713481 9.997E-05 9.997E-05 0.286219
9.99731E-05 0.10332 9.99731E-05 9.99731E-05 0.89638
0.287739 9.99731E-05 0.711961 9.99731E-05 9.99731E-05
9.9982E-05 0.00336449 9.9982E-05 0.947133 0.049303
0.837275 9.99731E-05 0.162425 9.99731E-05 9.99731E-05
9.997E-05 9.997E-05 0.0234989 9.997E-05 0.976201
9.9973E-05 0.167243 0.832457 9.9973E-05 9.9973E-05
9.99731E-05 0.839023 0.160677 9.99731E-05 9.99731E-05
0.584916 9.9982E-05 0.278838 9.9982E-05 0.136046
0.0982614 0.266712 0.634827 9.9982E-05 9.9982E-05
