9.9982E-05 0.143087 9.9982E-05 0.632802 0.223911
9.9973E-05 0.0281208 9.9973E-05 0.971579 9.9973E-05
9.9982E-05 0.0432027 9.9982E-05 0.366649 0.589949
9.9982E-05 9.9982E-05 0.320027 0.405702 0.274071
0.941871 9.9973E-05 9.9973E-05 0.0578288 9.9973E-05
9.9973E-05 9.9973E-05 0.920214 9.9973E-05 0.0794865
0.258954 0.0406583 0.058736 9.9991E-05 0.641552
9.9982E-05 0.0150704 9.9982E-05 0.905094 0.0796355
9.9973E-05 0.440913 0.558787 9.9973E-05 9.9973E-05
0.9996 9.997E-05 9.997E-05 9.997E-05 9.997E-05
0.539868 9.99731E-05 9.99731E-05 9.99731E-05 0.459832
9.9973E-05 9.9973E-05 0.117777 0.881923 9.9973E-05
0.605294 0.11224 0.102654 9.9991E-05 0.179712
0.141636 9.9991E-05 0.00931234 0.0755649 0.773387
0.87693 0.122771 9.99731E-05 9.99731E-05 9.99731E-05
9.99731E-05 0.952223 9.99731E-05 9.99731E-05 0.0474767
9.9982E-05 9.9982E-05 0.119692 0.84098 0.039128
0.408857 0.28421 0.287627 9.9991E-05 0.019206
9.9973E-05 9.9973E-05 0.986877 0.0128234 9.9973E-05
9.997E-05 0.9996 9.997E-05 9.997E-05 9.997E-05
0.0884224 0.748456 0.115875 0.0471472 9.9991E-05
0.0012441 0.487891 0.33103 0.179734 9.9991E-05
0.154298 0.763908 9.9982E-05 9.9982E-05 0.0815932
9.999E-05 0.271932 0.0432284 0.347841 0.336899
9.9982E-05 0.0198691 0.0338311 9.9982E-05 0.9461
0.72579 0.27391 9.9973E-05 9.9973E-05 9.9973E-05
9.9982E-05 9.9982E-05 0.110088 0.573984 0.315727
0.285093 0.118443 0.534782 9.9991E-05 0.0615827
9.99732E-05 0.0108923 9.99732E-05 0.988808 9.99732E-05
9.99821E-05 0.0621688 0.517351 0.42028 9.99821E-05
9.997E-05 9.997E-05 9.997E-05 9.997E-05 0.9996
9.997E-05 9.997E-05 9.997E-05 9.997E-05 0.9996
0.590037 9.9973E-05 9.9973E-05 9.9973E-05 0.409663
9.9982E-05 0.0151182 0.889108 9.9982E-05 0.0955739
9.9982E-05 9.9982E-05 0.198556 0.710792 0.0904519
9.9982E-05 0.839312 0.108769 9.9982E-05 0.0517191
9.9973E-05 0.179315 0.820385 9.9973E-05 9.9973E-05
9.9982E-05 0.0583984 0.908102 9.9982E-05 0.0332995
0.25328 9.9991E-05 0.0941153 0.0697553 0.582749
0.045429 9.99821E-05 0.911302 0.0430693 9.99821E-05
9.9973E-05 9.9973E-05 0.771795 0.227905 9.9973E-05
9.9973E-05 9.9973E-05 0.22334 0.77636 9.9973E-05
0.106549 0.893151 9.99731E-05 9.99731E-05 9.99731E-05
9.997E-05 9.997E-05 9.997E-05 9.997E-05 0.9996
0.754973 0.244727 9.99731E-05 9.99731E-05 9.99731E-05
9.9973E-05 0.0623272 9.9973E-05 0.937373 9.9973E-05
9.9973E-05 0.91488 0.0848197 9.9973E-05 9.9973E-05
9.99731E-05 0.197334 0.802366 9.99731E-05 9.99731E-05
0.39965 0.488114 9.99821E-05 0.112036 9.99821E-05
0.106958 0.579461 0.313381 9.9982E-05 9.9982E-05
