0.647894 9.9982E-05 9.9982E-05 0.238078 0.113828
0.915114 9.9973E-05 9.9973E-05 9.9973E-05 0.0845862
0.295808 9.9982E-05 9.9982E-05 0.660193 0.0437988
0.578496 0.265485 0.0257659 0.130153 9.9991E-05
0.0446623 9.9982E-05 0.946982 0.00815585 9.9982E-05
0.0269366 0.834985 9.9991E-05 0.0754851 0.0624937
9.9991E-05 0.0417491 0.255675 0.604021 0.0984555
0.967482 9.99731E-05 9.99731E-05 9.99731E-05 0.0322185
9.99731E-05 0.579366 9.99731E-05 9.99731E-05 0.420334
9.997E-05 9.997E-05 0.9996 9.997E-05 9.997E-05
9.99731E-05 9.99731E-05 0.736467 0.263234 9.99731E-05
0.87737 0.12233 9.9973E-05 9.9973E-05 9.9973E-05
9.9991E-05 0.10967 0.487206 0.181079 0.221946
9.99821E-05 0.0267499 0.129903 0.843147 9.99821E-05
9.99731E-05 9.99731E-05 0.907937 9.99731E-05 0.0917635
9.99731E-05 9.99731E-05 9.99731E-05 0.0740973 0.925603
0.871702 0.0957484 0.00518941 0.0272601 9.9991E-05
9.999E-05 0.219677 0.380425 0.0251909 0.374607
0.00914581 0.990554 9.9973E-05 9.9973E-05 9.9973E-05
9.997E-05 9.997E-05 9.997E-05 9.997E-05 0.9996
9.99821E-05 0.139929 0.0174235 9.99821E-05 0.842448
0.0922778 0.507297 0.0324742 9.9991E-05 0.367851
9.9982E-05 9.9982E-05 0.0350428 0.0860498 0.878707
0.304093 0.235541 0.0455623 0.299634 0.115169
9.9982E-05 0.0747332 9.9982E-05 0.915486 0.00958054
9.9973E-05 9.9973E-05 0.693963 9.9973E-05 0.305737
0.521169 0.11222 9.99821E-05 0.366411 9.99821E-05
9.99821E-05 0.688642 0.249887 0.0612707 9.99821E-05
0.969013 9.99731E-05 9.99731E-05 9.99731E-05 0.0306873
0.414648 0.585052 9.99731E-05 9.99731E-05 9.99731E-05
9.99731E-05 9.99731E-05 0.0104634 0.989237 9.99731E-05
9.997E-05 9.997E-05 9.997E-05 0.9996 9.997E-05
0.00563395 9.9982E-05 0.734039 0.260127 9.9982E-05
9.99731E-05 0.92479 9.99731E-05 0.0749105 9.99731E-05
0.703555 0.230239 9.9982E-05 0.0660061 9.9982E-05
9.9973E-05 0.0539269 9.9973E-05 9.9973E-05 0.945773
9.9973E-05 0.815672 9.9973E-05 9.9973E-05 0.184028
9.9982E-05 0.8666 9.9982E-05 0.0843426 0.048857
0.0804967 0.131676 0.380726 0.407001 9.9991E-05
9.99731E-05 0.919598 0.0801022 9.99731E-05 9.99731E-05
0.201638 0.798062 9.9973E-05 9.9973E-05 9.9973E-05
0.856349 0.143352 9.9973E-05 9.9973E-05 9.9973E-05
9.99731E-05 9.99731E-05 0.0628364 9.99731E-05 0.936864
9.997E-05 9.997E-05 9.997E-05 0.9996 9.997E-05
9.9973E-05 9.9973E-05 0.599274 9.9973E-05 0.400426
0.9996 9.997E-05 9.997E-05 9.997E-05 9.997E-05
9.9973E-05 0.173543 9.9973E-05 9.9973E-05 0.826157
9.99731E-05 0.745013 9.99731E-05 9.99731E-05 0.254687
0.10534 9.99821E-05 0.436817 9.99821E-05 0.457644
9.9982E-05 0.302342 0.0759853 9.9982E-05 0.621473
