9.9991E-05 0.111536 0.207941 0.680423
9.9982E-05 0.028592 9.9982E-05 0.971208
9.999E-05 0.00500108 0.534611 0.460288
0.125423 9.9991E-05 0.167554 0.706923
9.9982E-05 0.637384 0.362416 9.9982E-05
0.807593 9.9991E-05 0.0371827 0.155124
0.140713 0.127513 0.731674 9.9991E-05
9.9982E-05 9.9982E-05 0.0996275 0.900173
0.991013 0.00878691 9.99821E-05 9.99821E-05
9.9982E-05 0.503818 0.495982 9.9982E-05
9.99821E-05 0.225231 0.774569 9.99821E-05
0.00792064 9.9982E-05 9.9982E-05 0.991879
0.122973 0.437975 0.438953 9.9991E-05
9.9991E-05 0.0220336 0.899468 0.0783983
9.9982E-05 0.907496 0.0923036 9.9982E-05
0.445383 0.554417 9.99821E-05 9.99821E-05
0.0180624 9.9991E-05 0.0635261 0.918312
0.441991 0.313324 0.244585 9.9991E-05
0.832193 9.9982E-05 9.9982E-05 0.167607
0.410527 0.589273 9.99821E-05 9.99821E-05
0.508329 0.491471 9.9982E-05 9.9982E-05
0.699579 0.133629 9.9991E-05 0.166692
0.292017 0.707783 9.9982E-05 9.9982E-05
0.126188 0.123945 0.21838 0.531487
0.0885619 9.9991E-05 0.880602 0.030736
9.9991E-05 0.948318 0.0438727 0.00770904
9.9982E-05 9.9982E-05 0.338575 0.661225
0.632191 0.097144 0.245826 0.0248391
9.99821E-05 0.0105381 9.99821E-05 0.989262
0.56367 9.99821E-05 9.99821E-05 0.43613
9.998E-05 9.998E-05 0.9997 9.998E-05
9.998E-05 9.998E-05 0.9997 9.998E-05
9.9982E-05 0.22566 0.77414 9.9982E-05
0.839958 9.9991E-05 0.102337 0.0576047
9.9982E-05 9.9982E-05 0.0816648 0.918135
0.562723 0.437077 9.9982E-05 9.9982E-05
0.957147 9.9982E-05 9.9982E-05 0.0426527
0.867429 9.9991E-05 0.100404 0.0320668
0.186163 0.0406882 0.750867 0.0222815
0.756957 9.9982E-05 9.9982E-05 0.242843
0.593377 9.9982E-05 9.9982E-05 0.406423
9.998E-05 9.998E-05 9.998E-05 0.9997
0.231071 0.768729 9.9982E-05 9.9982E-05
9.9982E-05 9.9982E-05 0.917829 0.0819709
9.9982E-05 0.987469 0.0123309 9.9982E-05
9.998E-05 9.998E-05 9.998E-05 0.9997
0.733866 0.265934 9.9982E-05 9.9982E-05
0.9997 9.998E-05 9.998E-05 9.998E-05
9.9982E-05 0.841809 9.9982E-05 0.157991
0.617105 0.337885 9.9991E-05 0.0449094
