0.153488 9.9991E-05 0.0818859 0.764526
9.9982E-05 9.9982E-05 0.0619883 0.937812
0.536479 9.9982E-05 9.9982E-05 0.463321
0.113019 0.211738 9.9991E-05 0.675143
0.507409 9.9982E-05 0.492391 9.9982E-05
0.0756092 0.847881 9.9991E-05 0.0764094
0.822314 0.16223 0.0153568 9.9991E-05
9.998E-05 9.998E-05 9.998E-05 0.9997
9.99821E-05 0.841222 0.158578 9.99821E-05
0.597395 9.9982E-05 0.402405 9.9982E-05
0.944366 9.99821E-05 0.0554341 9.99821E-05
9.9982E-05 0.0798601 9.9982E-05 0.91994
0.416797 0.0932056 0.489897 9.9991E-05
0.89094 0.0338764 9.9991E-05 0.0750833
0.29425 9.9982E-05 0.70555 9.9982E-05
0.0403173 0.341281 0.618302 9.9991E-05
0.0048881 0.0352962 9.9991E-05 0.959716
0.237747 0.38279 0.379363 9.9991E-05
9.9982E-05 0.939342 9.9982E-05 0.0604582
9.9982E-05 0.199192 0.800608 9.9982E-05
9.9991E-05 0.318357 0.678111 0.00343211
0.0380863 0.723129 0.182625 0.05616
9.9982E-05 0.204147 0.795653 9.9982E-05
0.209202 0.173742 0.134084 0.482972
0.811098 0.0477103 9.9991E-05 0.141091
0.127842 9.9982E-05 0.871959 9.9982E-05
0.261678 9.99821E-05 9.99821E-05 0.738122
0.176278 0.660947 0.13052 0.0322544
9.99821E-05 9.99821E-05 0.0329468 0.966853
9.99821E-05 0.546875 9.99821E-05 0.452925
0.9997 9.998E-05 9.998E-05 9.998E-05
0.9997 9.998E-05 9.998E-05 9.998E-05
0.853915 9.9982E-05 0.145885 9.9982E-05
0.0781801 0.874248 9.9991E-05 0.0474723
0.0214203 0.104636 9.9991E-05 0.873844
9.9982E-05 0.39597 0.60383 9.9982E-05
9.9982E-05 0.926818 0.0729817 9.9982E-05
0.037255 0.962545 9.9982E-05 9.9982E-05
0.671253 0.147222 0.115496 0.0660293
9.99821E-05 0.89914 9.99821E-05 0.10066
9.9982E-05 0.680574 9.9982E-05 0.319226
9.9982E-05 0.106776 9.9982E-05 0.893024
9.9991E-05 0.0151626 0.975326 0.00941164
0.911438 9.9982E-05 9.9982E-05 0.0883617
0.133658 9.9982E-05 0.866142 9.9982E-05
9.998E-05 9.998E-05 9.998E-05 0.9997
9.9982E-05 0.502251 0.497549 9.9982E-05
9.99821E-05 0.982187 0.0176132 9.99821E-05
0.0207234 9.9991E-05 0.823453 0.155723
9.9982E-05 0.511885 0.487915 9.9982E-05
