0.0261904 0.229267 0.744443 9.9991E-05
0.0558595 9.9982E-05 0.943941 9.9982E-05
9.9982E-05 0.565715 0.434085 9.9982E-05
9.999E-05 0.152407 0.659547 0.187946
0.466851 0.532949 9.9982E-05 9.9982E-05
9.9991E-05 0.0470033 0.0134045 0.939492
0.0936985 0.824138 9.9991E-05 0.0820634
9.9982E-05 0.111321 0.888479 9.9982E-05
0.143343 9.99821E-05 9.99821E-05 0.856457
0.305671 0.694129 9.9982E-05 9.9982E-05
0.107932 0.891868 9.99821E-05 9.99821E-05
9.9982E-05 9.9982E-05 0.988698 0.011102
0.515045 0.362428 0.0455745 0.0769528
9.999E-05 0.884861 0.0229943 0.0920443
0.678459 0.321341 9.9982E-05 9.9982E-05
0.715991 9.99821E-05 9.99821E-05 0.283809
9.9991E-05 0.00506378 0.992424 0.0024122
0.351492 0.29184 9.9991E-05 0.356568
9.9982E-05 9.9982E-05 0.0848804 0.91492
0.727123 9.9982E-05 9.9982E-05 0.272677
0.658675 9.9991E-05 0.00836196 0.332863
0.28846 9.9991E-05 0.189664 0.521777
0.811637 9.9991E-05 0.0321136 0.156149
9.9991E-05 0.327843 0.431089 0.240968
9.9991E-05 0.892255 0.0474223 0.0602227
0.838464 0.161336 9.9982E-05 9.9982E-05
9.9991E-05 0.268111 0.685376 0.0464134
0.167722 0.224766 9.9991E-05 0.607411
0.0375057 9.99821E-05 0.962294 9.99821E-05
9.99821E-05 9.99821E-05 0.376778 0.623022
9.998E-05 0.9997 9.998E-05 9.998E-05
9.998E-05 0.9997 9.998E-05 9.998E-05
0.159768 0.840032 9.9982E-05 9.9982E-05
9.9982E-05 0.0934195 9.9982E-05 0.906381
9.9991E-05 0.077968 0.886084 0.0358476
0.540999 9.9982E-05 9.9982E-05 0.458801
0.0687957 9.9982E-05 9.9982E-05 0.931004
9.9991E-05 0.0119128 0.0523262 0.935661
0.0473184 0.766993 0.0825266 0.103162
9.99821E-05 9.99821E-05 0.0806008 0.919199
9.9982E-05 9.9982E-05 0.324617 0.675183
9.9982E-05 9.9982E-05 0.968952 0.0308479
0.902921 9.9991E-05 0.0196547 0.0773246
9.9982E-05 0.975566 0.0242345 9.9982E-05
0.862529 0.137271 9.9982E-05 9.9982E-05
9.998E-05 9.998E-05 0.9997 9.998E-05
0.48607 9.9982E-05 9.9982E-05 0.51373
0.0671726 9.99821E-05 9.99821E-05 0.932627
0.872268 0.0157473 0.111885 9.9991E-05
0.483076 9.99821E-05 9.99821E-05 0.516724
