0.187518 0.0984875 0.713894 9.9991E-05
9.998E-05 9.998E-05 0.9997 9.998E-05
0.50262 9.9982E-05 0.49718 9.9982E-05
0.127428 9.9991E-05 0.61661 0.255863
0.567187 0.432613 9.9982E-05 9.9982E-05
0.0636524 9.9991E-05 0.069804 0.866444
0.862004 0.0648045 9.9991E-05 0.0730911
0.0236841 9.99821E-05 0.976116 9.99821E-05
9.9982E-05 0.277002 9.9982E-05 0.722798
0.766642 0.233158 9.9982E-05 9.9982E-05
0.905456 0.0943438 9.99821E-05 9.99821E-05
9.9982E-05 9.9982E-05 0.925481 0.0743186
0.533048 0.372177 9.9991E-05 0.0946747
0.816741 9.9991E-05 0.0971427 0.0860164
0.389446 0.610354 9.9982E-05 9.9982E-05
0.0220474 0.792168 0.0314566 0.154328
9.9982E-05 9.9982E-05 0.90886 0.09094
0.339685 0.310176 9.9991E-05 0.350039
9.9982E-05 9.9982E-05 0.0217891 0.978011
9.99821E-05 0.852655 9.99821E-05 0.147145
9.9982E-05 0.747987 9.9982E-05 0.251813
0.00689918 0.287622 0.0887107 0.616768
0.134809 0.695822 9.9991E-05 0.169269
0.153391 0.20753 0.59464 0.0444389
0.811416 9.9991E-05 0.144916 0.0435674
0.189147 0.810653 9.9982E-05 9.9982E-05
0.259438 9.9991E-05 0.679345 0.0611169
0.297768 0.109102 9.9991E-05 0.593029
9.99821E-05 0.00045104 0.999349 9.99821E-05
9.99821E-05 9.99821E-05 0.334322 0.665478
0.9997 9.998E-05 9.998E-05 9.998E-05
0.9997 9.998E-05 9.998E-05 9.998E-05
0.859291 0.140509 9.9982E-05 9.9982E-05
0.0848388 9.9982E-05 9.9982E-05 0.914961
0.0496507 9.9991E-05 0.872254 0.0779953
9.9982E-05 0.685049 9.9982E-05 0.314751
9.9982E-05 0.08603 9.9982E-05 0.91377
0.134346 9.9982E-05 9.9982E-05 0.865454
0.767544 9.9991E-05 0.081163 0.151193
9.99821E-05 9.99821E-05 0.151423 0.848377
9.9982E-05 9.9982E-05 0.172693 0.827107
9.9982E-05 9.9982E-05 0.816521 0.183279
9.998E-05 0.9997 9.998E-05 9.998E-05
0.884702 9.9982E-05 0.115098 9.9982E-05
0.254654 0.745146 9.9982E-05 9.9982E-05
9.998E-05 9.998E-05 0.9997 9.998E-05
9.9982E-05 0.634746 9.9982E-05 0.365054
9.99821E-05 0.0902492 9.99821E-05 0.909551
0.22634 0.693377 0.0801832 9.9991E-05
9.9982E-05 0.602085 9.9982E-05 0.397715
