0.747608 9.9991E-05 0.0840123 0.16828
0.9997 9.998E-05 9.998E-05 9.998E-05
0.549158 9.9982E-05 9.9982E-05 0.450642
0.605854 0.234574 9.9991E-05 0.159471
9.9982E-05 9.9982E-05 0.339674 0.660126
0.0215713 0.933324 9.9991E-05 0.0450044
0.0417885 0.0376098 0.108351 0.812251
0.9997 9.998E-05 9.998E-05 9.998E-05
9.9982E-05 0.666814 0.332986 9.9982E-05
9.9982E-05 9.9982E-05 0.181288 0.818512
9.99821E-05 9.99821E-05 0.00918751 0.990613
0.943968 0.0558318 9.9982E-05 9.9982E-05
9.999E-05 0.144076 0.310395 0.545429
0.105111 0.0255062 9.9991E-05 0.869283
9.9982E-05 9.9982E-05 0.573209 0.426591
0.0164469 0.159334 0.791791 0.0324286
0.934343 0.0654575 9.9982E-05 9.9982E-05
9.9991E-05 0.347405 0.394814 0.257681
9.998E-05 0.9997 9.998E-05 9.998E-05
9.9982E-05 0.100605 0.899195 9.9982E-05
9.9982E-05 0.17702 0.82278 9.9982E-05
0.10308 0.570629 0.326191 9.9991E-05
9.9991E-05 0.117976 0.857355 0.0245682
0.608397 0.0188694 0.262911 0.109824
0.0931138 0.101845 9.9991E-05 0.804941
9.9982E-05 9.9982E-05 0.743656 0.256144
0.736335 0.00859376 9.9991E-05 0.254972
9.9991E-05 0.644569 0.140478 0.214853
0.934587 9.99821E-05 0.0652133 9.99821E-05
0.271042 0.728758 9.99821E-05 9.99821E-05
0.0251408 9.9982E-05 9.9982E-05 0.974659
9.998E-05 9.998E-05 9.998E-05 0.9997
9.9982E-05 9.9982E-05 0.0644572 0.935343
9.9982E-05 0.926681 9.9982E-05 0.0731194
0.825439 0.130878 9.9991E-05 0.0435833
9.9982E-05 0.296193 0.703607 9.9982E-05
9.9982E-05 0.897375 0.102425 9.9982E-05
9.9982E-05 0.945227 9.9982E-05 0.0545733
0.0904066 0.15197 0.0849384 0.672685
0.0858559 0.850229 0.0638153 9.9991E-05
0.212743 0.787057 9.9982E-05 9.9982E-05
0.836058 0.163742 9.9982E-05 9.9982E-05
9.998E-05 9.998E-05 0.9997 9.998E-05
0.146327 9.9982E-05 9.9982E-05 0.853473
9.9982E-05 9.9982E-05 0.662894 0.336906
0.9997 9.998E-05 9.998E-05 9.998E-05
9.9982E-05 0.385754 0.614046 9.9982E-05
9.99821E-05 0.963768 0.0360321 9.99821E-05
0.121979 9.9991E-05 0.740753 0.137168
0.00322299 0.283116 0.713561 9.9991E-05
