9.9991E-05 0.166308 0.733956 0.0996357
9.9982E-05 9.9982E-05 0.960882 0.0389181
9.9982E-05 0.503093 0.496707 9.9982E-05
0.312601 0.134731 0.552568 9.9991E-05
9.9982E-05 0.555206 9.9982E-05 0.444594
0.930178 0.0696218 9.9982E-05 9.9982E-05
0.0692591 0.878747 9.9991E-05 0.051894
9.999E-05 0.0080111 0.976356 0.0155324
0.724095 9.99821E-05 9.99821E-05 0.275706
9.9982E-05 0.733309 9.9982E-05 0.266491
9.99821E-05 0.889364 9.99821E-05 0.110436
0.023737 9.9982E-05 0.976063 9.9982E-05
9.999E-05 0.399334 0.0575304 0.543036
0.0266395 0.82558 0.14768 9.9991E-05
9.9982E-05 0.336029 9.9982E-05 0.663771
0.194345 0.0112856 9.9991E-05 0.794269
0.0763908 9.9982E-05 0.923409 9.9982E-05
0.396531 0.228401 9.9991E-05 0.374968
0.951631 9.9982E-05 0.0481691 9.9982E-05
0.119607 9.9982E-05 9.9982E-05 0.880193
0.283712 9.9991E-05 0.0247642 0.691424
0.505805 9.9991E-05 0.112879 0.381217
0.0885078 0.0648058 9.9991E-05 0.846586
0.174771 0.237477 0.497667 0.0900855
0.0599488 0.869792 0.070159 9.9991E-05
9.9982E-05 0.190453 9.9982E-05 0.809347
9.99821E-05 0.238248 0.761553 9.99821E-05
0.550214 0.232837 9.9991E-05 0.216849
9.99821E-05 9.99821E-05 0.959293 0.0405067
0.692041 9.99821E-05 0.307759 9.99821E-05
9.998E-05 0.9997 9.998E-05 9.998E-05
9.998E-05 0.9997 9.998E-05 9.998E-05
9.9982E-05 0.898349 9.9982E-05 0.101451
0.935679 0.0641208 9.9982E-05 9.9982E-05
0.170434 0.101413 0.728052 9.9991E-05
0.224496 9.9982E-05 9.9982E-05 0.775305
0.805254 9.9982E-05 9.9982E-05 0.194546
0.96891 0.0308902 9.9982E-05 9.9982E-05
0.069469 0.723759 0.125092 0.0816793
0.775784 9.9991E-05 0.200728 0.0233877
0.782157 9.9982E-05 0.217643 9.9982E-05
0.133189 9.9982E-05 0.866611 9.9982E-05
9.998E-05 9.998E-05 9.998E-05 0.9997
9.9982E-05 0.926799 0.0730015 9.9982E-05
9.9982E-05 0.246357 9.9982E-05 0.753443
9.99821E-05 9.99821E-05 0.99542 0.00437973
0.380825 9.9982E-05 9.9982E-05 0.618975
0.901712 9.99821E-05 9.99821E-05 0.0980881
9.9991E-05 0.139676 0.098134 0.76209
0.374237 9.9982E-05 9.9982E-05 0.625563
