0.112299 0.760162 9.9991E-05 0.127439
9.9982E-05 0.924634 9.9982E-05 0.0751659
0.455274 0.544526 9.9982E-05 9.9982E-05
0.136294 0.614825 0.248781 9.9991E-05
0.675985 9.9982E-05 9.9982E-05 0.323815
0.033153 0.0526578 0.914089 9.9991E-05
0.876781 9.9982E-05 0.123019 9.9982E-05
0.0421999 0.9576 9.9982E-05 9.9982E-05
9.99821E-05 9.99821E-05 0.750114 0.249686
0.828231 9.9982E-05 9.9982E-05 0.171569
0.9997 9.998E-05 9.998E-05 9.998E-05
9.9982E-05 0.919934 0.0798663 9.9982E-05
0.507063 9.9991E-05 0.118247 0.37459
0.82963 0.126614 0.0436558 9.9991E-05
0.501425 9.9982E-05 9.9982E-05 0.498375
0.0342268 9.9991E-05 0.150258 0.815415
9.9982E-05 0.936018 0.0637817 9.9982E-05
0.321211 9.9991E-05 0.315698 0.362991
9.9982E-05 0.0615178 0.938282 9.9982E-05
9.99821E-05 9.99821E-05 0.108712 0.891088
9.9991E-05 0.0387329 0.258762 0.702405
9.9991E-05 0.0876594 0.577423 0.334817
0.0264585 0.0405671 9.9991E-05 0.932874
0.253304 0.451696 0.196897 0.0981033
0.786032 0.161609 0.0522589 9.9991E-05
0.253015 9.9982E-05 9.9982E-05 0.746785
0.261892 0.6509 0.0871074 9.9991E-05
0.329954 9.9991E-05 0.578004 0.0919421
9.99821E-05 0.972427 9.99821E-05 0.0273734
9.99821E-05 0.432736 0.567064 9.99821E-05
0.984787 0.0150134 9.9982E-05 9.9982E-05
0.9997 9.998E-05 9.998E-05 9.998E-05
0.975503 9.9982E-05 9.9982E-05 0.0242971
0.0605794 9.9982E-05 0.939221 9.9982E-05
0.0652126 0.762389 0.172298 9.9991E-05
9.9982E-05 9.9982E-05 0.332408 0.667392
9.9982E-05 9.9982E-05 0.906826 0.092974
0.0352045 9.9982E-05 0.964596 9.9982E-05
0.750764 0.133725 0.104673 0.0108387
9.99821E-05 0.0499414 0.949859 9.99821E-05
9.9982E-05 0.273081 0.726719 9.9982E-05
9.9982E-05 0.873741 0.126059 9.9982E-05
9.998E-05 9.998E-05 9.998E-05 0.9997
0.826978 0.172823 9.9982E-05 9.9982E-05
0.309837 9.9982E-05 9.9982E-05 0.689963
9.99821E-05 0.956115 9.99821E-05 0.0436847
9.9982E-05 9.9982E-05 0.39167 0.60813
9.99821E-05 9.99821E-05 0.883747 0.116053
0.163383 0.077848 9.9991E-05 0.758669
0.0357543 9.9991E-05 0.371307 0.592839
