0.12088 0.723248 9.9991E-05 0.155772
0.0338986 0.965901 9.9982E-05 9.9982E-05
9.9982E-05 0.488597 9.9982E-05 0.511203
9.999E-05 0.730489 0.148922 0.120488
0.366755 9.9982E-05 9.9982E-05 0.633045
9.9991E-05 0.000479627 0.904399 0.0950214
0.0191238 9.9991E-05 0.112155 0.868621
9.99821E-05 0.96455 9.99821E-05 0.0352497
0.314167 9.9982E-05 0.685633 9.9982E-05
0.196739 9.9982E-05 9.9982E-05 0.803061
9.998E-05 9.998E-05 9.998E-05 0.9997
9.9982E-05 0.897766 0.102034 9.9982E-05
0.442144 9.9991E-05 0.0505056 0.507251
9.999E-05 0.0904967 0.0431004 0.866303
0.588737 9.9982E-05 9.9982E-05 0.411064
0.807108 9.99821E-05 0.192692 9.99821E-05
9.9991E-05 0.823025 0.163697 0.0131779
0.403035 9.9991E-05 0.294445 0.30242
9.9982E-05 0.0529276 0.946872 9.9982E-05
0.920926 9.9982E-05 0.0788744 9.9982E-05
0.777383 0.0161065 0.206411 9.9991E-05
0.360775 0.0839066 0.551217 0.00410092
0.88634 9.9991E-05 0.0631795 0.05038
0.208923 0.563445 0.0398055 0.187826
9.9991E-05 0.0977062 0.0709387 0.831255
0.732708 9.9982E-05 9.9982E-05 0.267092
9.9991E-05 0.726226 0.0357485 0.237925
0.0977623 9.9991E-05 0.589159 0.312979
0.052576 0.947224 9.99821E-05 9.99821E-05
9.99821E-05 0.305864 0.693936 9.99821E-05
9.9982E-05 0.000264314 9.9982E-05 0.999536
9.998E-05 9.998E-05 9.998E-05 0.9997
0.102457 9.9982E-05 9.9982E-05 0.897343
9.9982E-05 9.9982E-05 0.926442 0.0733579
9.9991E-05 0.802752 0.144036 0.053112
0.725297 9.9982E-05 0.274503 9.9982E-05
0.106121 9.9982E-05 0.893679 9.9982E-05
0.00574696 9.9991E-05 0.947924 0.0462294
0.0274864 0.127171 0.121204 0.724139
9.99821E-05 0.158492 0.841308 9.99821E-05
9.9982E-05 0.300953 0.698847 9.9982E-05
9.9982E-05 0.97852 0.0212805 9.9982E-05
0.9997 9.998E-05 9.998E-05 9.998E-05
9.9982E-05 0.141251 9.9982E-05 0.858549
0.684966 9.9982E-05 9.9982E-05 0.314834
9.998E-05 0.9997 9.998E-05 9.998E-05
0.634063 9.9982E-05 0.365737 9.9982E-05
0.12176 9.99821E-05 0.87804 9.99821E-05
0.770124 0.100268 9.9991E-05 0.129508
0.594272 9.9982E-05 0.405528 9.9982E-05
