0.707866 0.292034 9.9991E-05
0.947132 0.0527678 9.9991E-05
0.490754 0.509147 9.9991E-05
0.84594 0.139309 0.0147513
9.9991E-05 0.718592 0.281308
0.552985 9.9991E-05 0.446915
0.0243357 0.872743 0.102921
0.933055 0.0668451 9.9991E-05
0.187653 9.9991E-05 0.812247
9.9991E-05 0.836602 0.163298
9.999E-05 0.9998 9.999E-05
0.9998 9.999E-05 9.999E-05
9.9991E-05 0.564604 0.435296
0.155514 0.844386 9.9991E-05
9.9991E-05 0.619442 0.380458
9.9991E-05 0.112277 0.887623
0.905383 0.0945167 9.9991E-05
9.9991E-05 0.381879 0.618021
0.663017 9.9991E-05 0.336883
9.999E-05 9.999E-05 0.9998
0.0782837 0.0520265 0.86969
0.323627 9.9991E-05 0.676273
9.9991E-05 0.189143 0.810757
0.613014 0.295561 0.0914244
0.183016 0.816884 9.9991E-05
9.9991E-05 0.47783 0.52207
0.71511 0.28479 9.9991E-05
0.313681 0.167039 0.51928
0.9998 9.999E-05 9.999E-05
0.714855 9.9991E-05 0.285045
0.0163444 0.983556 9.9991E-05
9.999E-05 0.9998 9.999E-05
9.999E-05 0.9998 9.999E-05
0.486252 9.9991E-05 0.513648
0.924566 0.0753337 9.9991E-05
9.9991E-05 0.00293901 0.996961
0.402122 9.9991E-05 0.597778
0.48958 9.9991E-05 0.51032
0.174633 0.7343 0.091067
0.589008 9.9991E-05 0.410892
0.810357 9.9991E-05 0.189543
0.9998 9.999E-05 9.999E-05
9.999E-05 9.999E-05 0.9998
0.132875 0.867025 9.9991E-05
9.9991E-05 0.452767 0.547133
0.9998 9.999E-05 9.999E-05
9.999E-05 9.999E-05 0.9998
0.293615 9.9991E-05 0.706285
9.9991E-05 0.409091 0.590809
0.0276734 0.0879106 0.884416
