0.648961 9.9991E-05 0.350939
0.942749 9.9991E-05 0.0571509
0.474558 9.9991E-05 0.525342
0.815807 0.0134417 0.170751
9.9991E-05 0.222429 0.777471
0.541193 0.458707 9.9991E-05
0.06679 0.0906531 0.842557
0.882093 9.9991E-05 0.117807
0.132477 0.867423 9.9991E-05
9.9991E-05 0.0922701 0.90763
9.999E-05 9.999E-05 0.9998
0.986423 9.9991E-05 0.0134766
9.9991E-05 0.424149 0.575751
0.164409 9.9991E-05 0.835491
9.9991E-05 0.426717 0.573183
9.9991E-05 0.89006 0.10984
0.947507 9.9991E-05 0.0523932
0.0254622 0.623803 0.350735
0.684429 0.315471 9.9991E-05
9.999E-05 0.9998 9.999E-05
0.0490802 0.914131 0.0367887
0.330411 0.669489 9.9991E-05
9.9991E-05 0.834434 0.165466
0.559526 0.111995 0.328479
0.14057 9.9991E-05 0.85933
9.9991E-05 0.595645 0.404255
0.68921 9.9991E-05 0.31069
0.393713 0.413692 0.192595
0.9231 9.99911E-05 0.0767996
0.761977 0.237923 9.9991E-05
0.0143304 9.9991E-05 0.98557
9.999E-05 9.999E-05 0.9998
9.999E-05 9.999E-05 0.9998
0.539798 0.460102 9.9991E-05
0.880203 9.9991E-05 0.119697
9.999E-05 0.9998 9.999E-05
0.384833 0.615067 9.9991E-05
0.538899 0.461001 9.9991E-05
0.135669 0.0581317 0.806199
0.666924 0.332976 9.9991E-05
0.880447 0.119453 9.9991E-05
0.9998 9.999E-05 9.999E-05
9.999E-05 0.9998 9.999E-05
0.162484 9.9991E-05 0.837416
9.9991E-05 0.550087 0.449813
0.97487 9.9991E-05 0.0250302
9.999E-05 0.9998 9.999E-05
0.297506 0.702394 9.9991E-05
9.9991E-05 0.556096 0.443804
0.113311 0.856956 0.0297329
