0.225189 0.761015 0.0137959
0.0432702 0.95663 9.9991E-05
0.584338 0.415562 9.9991E-05
0.176945 0.822927 0.000127484
0.819485 9.9991E-05 0.180415
9.999E-05 0.534386 0.465514
0.845049 0.0454924 0.109459
0.124372 0.875528 9.9991E-05
9.9991E-05 0.137586 0.862314
0.893156 9.9991E-05 0.106744
0.9998 9.999E-05 9.999E-05
9.999E-05 0.9998 9.999E-05
0.587169 9.9991E-05 0.412731
0.811288 0.188612 9.9991E-05
0.6487 9.9991E-05 0.3512
0.159176 9.9991E-05 0.840724
0.042149 0.957751 9.9991E-05
0.357452 0.0210931 0.621455
9.9991E-05 0.631423 0.368477
0.0718539 9.9991E-05 0.928046
0.0462302 9.9991E-05 0.95367
9.9991E-05 0.299768 0.700132
0.127711 9.9991E-05 0.872189
0.296377 0.592898 0.110725
0.816632 0.183268 9.9991E-05
0.537111 9.9991E-05 0.462789
0.339993 0.659907 9.9991E-05
0.198844 0.320576 0.480579
0.00330195 0.996598 9.99911E-05
9.9991E-05 0.766204 0.233696
0.952219 0.0476812 9.9991E-05
0.9998 9.999E-05 9.999E-05
0.9998 9.999E-05 9.999E-05
9.9991E-05 0.476827 0.523073
0.0416173 0.958283 9.9991E-05
0.038222 9.9991E-05 0.961678
9.9991E-05 0.392612 0.607288
9.9991E-05 0.480975 0.518925
0.76273 0.163795 0.0734745
9.9991E-05 0.630686 0.369214
9.9991E-05 0.784908 0.214992
9.999E-05 0.9998 9.999E-05
0.0282812 9.9991E-05 0.971619
0.870327 0.129573 9.9991E-05
0.507698 9.9991E-05 0.492202
0.0679278 0.931972 9.9991E-05
9.999E-05 9.999E-05 0.9998
9.9991E-05 0.265201 0.734699
0.447404 9.9991E-05 0.552496
0.0530481 0.0874215 0.85953
