9.9991E-05 0.275726 0.724174
9.999E-05 0.0318628 0.968037
9.999E-05 0.551248 0.448652
9.999E-05 0.240001 0.759899
0.196155 0.803745 9.9991E-05
0.451865 9.9991E-05 0.548035
0.0518989 0.888981 0.0591204
9.999E-05 0.1318 0.8681
0.869699 9.9991E-05 0.130201
0.0666565 0.933243 9.9991E-05
9.999E-05 0.9998 9.999E-05
9.999E-05 9.999E-05 0.9998
0.392761 0.607139 9.9991E-05
9.9991E-05 0.864535 0.135365
0.380986 0.618914 9.9991E-05
0.85257 0.14733 9.9991E-05
9.9991E-05 0.0583427 0.941557
0.607165 0.392735 9.9991E-05
0.284139 9.9991E-05 0.715761
0.942725 0.0571753 9.9991E-05
0.908047 0.0612762 0.0306763
0.74202 9.9991E-05 0.25788
0.818233 0.181667 9.9991E-05
0.185188 0.279544 0.535268
9.9991E-05 0.818176 0.181724
0.503935 0.495965 9.9991E-05
9.9991E-05 0.28149 0.71841
0.495801 0.214998 0.289201
9.99911E-05 0.0470555 0.952845
0.273203 9.9991E-05 0.726697
9.9991E-05 0.97547 0.02443
9.999E-05 0.9998 9.999E-05
9.999E-05 0.9998 9.999E-05
0.433518 9.9991E-05 0.566382
9.9991E-05 0.0565531 0.943347
0.976014 0.0238859 9.9991E-05
0.611283 9.9991E-05 0.388617
0.433885 9.9991E-05 0.566015
0.152861 0.749284 0.0978548
0.378517 9.9991E-05 0.621383
0.122489 9.9991E-05 0.877411
9.999E-05 9.999E-05 0.9998
0.9998 9.999E-05 9.999E-05
9.9991E-05 0.892014 0.107886
0.513291 0.486609 9.9991E-05
9.9991E-05 0.0518649 0.948035
0.9998 9.999E-05 9.999E-05
0.709135 9.9991E-05 0.290765
0.586261 0.413639 9.9991E-05
0.880389 0.0659072 0.0537034
