0.601533 0.0802972 0.31817
0.957905 9.9991E-05 0.0419955
0.398521 9.9991E-05 0.601379
0.834413 9.9991E-05 0.165487
9.9991E-05 0.304364 0.695536
0.597274 0.402626 9.9991E-05
0.0721564 0.0785263 0.849317
0.859468 9.9991E-05 0.140432
0.227789 0.772111 9.9991E-05
9.9991E-05 0.158525 0.841375
9.999E-05 9.999E-05 0.9998
0.9998 9.999E-05 9.999E-05
9.9991E-05 0.427781 0.572119
0.192484 9.9991E-05 0.807416
9.9991E-05 0.461934 0.537967
9.9991E-05 0.878167 0.121733
0.930277 9.9991E-05 0.0696231
0.020883 0.589874 0.389243
0.731449 0.268451 9.9991E-05
9.999E-05 0.9998 9.999E-05
0.0473458 0.951697 0.000956987
0.353011 0.646889 9.9991E-05
9.9991E-05 0.850324 0.149576
0.561812 0.140203 0.297984
0.155082 9.9991E-05 0.844818
9.9991E-05 0.550059 0.449841
0.71802 9.9991E-05 0.28188
0.443464 0.403219 0.153318
0.974593 9.99911E-05 0.0253068
0.780243 0.219657 9.9991E-05
0.0165817 9.9991E-05 0.983318
9.999E-05 9.999E-05 0.9998
9.9991E-05 0.0337759 0.966124
0.558442 0.441458 9.9991E-05
0.927121 9.9991E-05 0.0727792
9.999E-05 0.9998 9.999E-05
0.524674 0.475226 9.9991E-05
0.5631 0.4368 9.9991E-05
0.177378 0.0694481 0.753174
0.62715 0.37275 9.9991E-05
0.874836 0.125064 9.9991E-05
0.9998 9.999E-05 9.999E-05
9.999E-05 0.9998 9.999E-05
0.127095 9.9991E-05 0.872805
9.9991E-05 0.569012 0.430888
0.9457 9.9991E-05 0.0541997
0.0649036 0.934996 9.9991E-05
0.348708 0.651192 9.9991E-05
9.9991E-05 0.6456 0.3543
0.106821 0.884924 0.00825551
