9.9991E-05 0.72678 0.27312
9.999E-05 0.973781 0.0261187
9.999E-05 0.455067 0.544833
9.999E-05 0.826523 0.173377
0.191898 9.9991E-05 0.808002
0.433263 0.566637 9.9991E-05
0.166049 0.0785322 0.755418
9.999E-05 0.89919 0.10071
0.818499 0.181401 9.9991E-05
0.0682166 9.9991E-05 0.931683
9.999E-05 9.999E-05 0.9998
9.999E-05 0.9998 9.999E-05
0.348597 0.00500485 0.646398
9.9991E-05 0.133997 0.865903
0.373157 9.9991E-05 0.626743
0.872188 9.9991E-05 0.127712
9.9991E-05 0.93143 0.0684704
0.601475 0.0337131 0.364812
0.319542 0.680358 9.9991E-05
0.993327 9.9991E-05 0.00657273
0.871581 0.0711772 0.0572422
0.707267 0.292633 9.9991E-05
0.826492 9.9991E-05 0.173408
0.139161 0.52887 0.33197
9.9991E-05 0.177716 0.822184
0.510004 9.9991E-05 0.489896
9.9991E-05 0.676695 0.323205
0.508423 0.297477 0.1941
9.999E-05 0.9998 9.999E-05
0.23521 0.76469 9.9991E-05
9.9991E-05 0.02886 0.97104
9.999E-05 9.999E-05 0.9998
9.999E-05 9.999E-05 0.9998
0.45671 0.54319 9.9991E-05
9.9991E-05 0.916914 0.0829855
0.9998 9.999E-05 9.999E-05
0.58997 0.40993 9.9991E-05
0.511545 0.488355 9.9991E-05
0.0978758 0.129648 0.772476
0.41147 0.58843 9.9991E-05
0.169199 0.830701 9.9991E-05
9.999E-05 0.9998 9.999E-05
0.9998 9.999E-05 9.999E-05
9.9991E-05 0.128859 0.871041
0.413137 9.9991E-05 0.586763
0.0068049 0.935243 0.0579525
0.9998 9.999E-05 9.999E-05
0.718005 0.281895 9.9991E-05
0.583833 9.9991E-05 0.416067
0.904722 0.0621425 0.0331351
