9.9991E-05 0.702815 0.297085
9.999E-05 0.988994 0.0109057
9.999E-05 0.494946 0.504954
0.0374208 0.769528 0.193051
0.151635 9.9991E-05 0.848265
0.451736 0.548164 9.9991E-05
0.144137 0.0364353 0.819428
9.999E-05 0.949954 0.0499456
0.903732 0.0961682 9.9991E-05
0.0740841 9.9991E-05 0.925816
9.999E-05 9.999E-05 0.9998
9.999E-05 0.9998 9.999E-05
0.385575 9.9991E-05 0.614325
9.9991E-05 0.133268 0.866632
0.345823 9.9991E-05 0.654077
0.819427 9.9991E-05 0.180473
9.9991E-05 0.976297 0.0236028
0.612325 9.9991E-05 0.387575
0.329652 0.670248 9.9991E-05
0.923222 9.9991E-05 0.0766776
0.936502 9.9991E-05 0.0633984
0.699405 0.300495 9.9991E-05
0.817185 9.9991E-05 0.182715
0.133366 0.564779 0.301854
9.9991E-05 0.235562 0.764338
0.447529 9.9991E-05 0.552371
9.9991E-05 0.735666 0.264234
0.529957 0.236315 0.233727
9.99911E-05 0.93042 0.0694802
0.261212 0.738688 9.9991E-05
9.9991E-05 0.01102 0.98888
9.999E-05 9.999E-05 0.9998
9.999E-05 9.999E-05 0.9998
0.539618 0.460282 9.9991E-05
9.9991E-05 0.894727 0.105173
0.980687 9.9991E-05 0.0192128
0.632023 0.367877 9.9991E-05
0.603503 0.396397 9.9991E-05
0.171777 0.160915 0.667308
0.381027 0.618873 9.9991E-05
0.173339 0.826561 9.9991E-05
9.999E-05 0.9998 9.999E-05
0.907206 9.9991E-05 0.0926944
9.9991E-05 0.15693 0.84297
0.464644 9.9991E-05 0.535256
9.9991E-05 0.896645 0.103255
0.9998 9.999E-05 9.999E-05
0.76591 0.23399 9.9991E-05
0.596888 9.9991E-05 0.403012
0.899166 0.0222846 0.0785493
