0.00445516 0.714545 0.280999
9.999E-05 0.912352 0.0875478
9.999E-05 0.464852 0.535048
0.0149834 0.799658 0.185358
0.170725 9.9991E-05 0.829175
0.511059 0.488841 9.9991E-05
0.11663 9.9991E-05 0.88327
9.999E-05 0.906226 0.0936741
0.920447 0.0794532 9.9991E-05
0.115531 9.9991E-05 0.884369
9.999E-05 9.999E-05 0.9998
0.014673 0.96403 0.0212968
0.364864 9.9991E-05 0.635036
9.9991E-05 0.152288 0.847612
0.372421 9.9991E-05 0.627479
0.924977 9.9991E-05 0.0749227
9.9991E-05 0.970788 0.0291118
0.658352 9.9991E-05 0.341548
0.377652 0.622248 9.9991E-05
0.953994 9.9991E-05 0.0459059
0.931618 0.03344 0.0349417
0.790208 0.209692 9.9991E-05
0.709453 9.9991E-05 0.290447
0.169975 0.516674 0.313351
9.9991E-05 0.159024 0.840876
0.457788 9.9991E-05 0.542112
9.9991E-05 0.698705 0.301195
0.509545 0.257285 0.23317
9.99911E-05 0.954624 0.0452764
0.23393 0.76597 9.9991E-05
9.9991E-05 0.0315698 0.96833
9.999E-05 9.999E-05 0.9998
9.999E-05 9.999E-05 0.9998
0.491876 0.508024 9.9991E-05
9.9991E-05 0.918161 0.0817392
0.9998 9.999E-05 9.999E-05
0.641654 0.358246 9.9991E-05
0.547287 0.452613 9.9991E-05
0.0798899 0.226817 0.693293
0.488975 0.510925 9.9991E-05
0.20334 0.79656 9.9991E-05
9.999E-05 0.9998 9.999E-05
0.981621 9.9991E-05 0.018279
9.9991E-05 0.174582 0.825318
0.439259 9.9991E-05 0.560641
0.0201299 0.967079 0.0127915
0.9998 9.999E-05 9.999E-05
0.840293 0.159607 9.9991E-05
0.564839 9.9991E-05 0.435061
0.89992 0.0581284 0.0419516
