0.177863 9.9991E-05 0.758266 0.0637709
9.9982E-05 9.9982E-05 0.967802 0.0319976
0.52077 0.0345459 0.444584 9.9991E-05
0.147072 0.226066 0.626763 9.9991E-05
0.544613 9.9982E-05 9.9982E-05 0.455187
0.123173 0.876627 9.9982E-05 9.9982E-05
0.834634 0.0653577 9.9991E-05 0.0999087
0.0336723 9.99821E-05 0.966128 9.99821E-05
9.9982E-05 0.81457 9.9982E-05 0.18523
0.638509 9.9982E-05 9.9982E-05 0.361291
0.820989 9.99821E-05 9.99821E-05 0.178811
9.9982E-05 0.0670251 0.932775 9.9982E-05
0.416807 0.0639698 9.9991E-05 0.519123
0.94162 0.0139214 0.044359 9.9991E-05
0.245575 9.9982E-05 9.9982E-05 0.754225
9.9991E-05 0.287973 0.00948295 0.702444
9.998E-05 9.998E-05 0.9997 9.998E-05
0.227631 0.319538 9.9991E-05 0.452731
9.9982E-05 0.941874 0.0579259 9.9982E-05
9.99821E-05 0.249145 9.99821E-05 0.750655
9.9982E-05 0.345159 9.9982E-05 0.654641
9.9991E-05 0.532109 0.105005 0.362786
9.9991E-05 0.103759 0.0267441 0.869397
0.22549 0.236296 0.439679 0.0985346
0.843265 9.9982E-05 0.156535 9.9982E-05
0.133444 9.9982E-05 9.9982E-05 0.866356
0.268196 9.99821E-05 0.731604 9.99821E-05
0.270352 0.54827 0.0668964 0.114482
9.99821E-05 9.99821E-05 0.989155 0.0106452
9.99821E-05 0.631262 0.368538 9.99821E-05
0.9997 9.998E-05 9.998E-05 9.998E-05
0.9997 9.998E-05 9.998E-05 9.998E-05
0.817901 9.9982E-05 9.9982E-05 0.181899
0.111733 0.888067 9.9982E-05 9.9982E-05
0.0565609 0.104764 0.838575 9.9991E-05
9.9982E-05 0.442143 9.9982E-05 0.557658
9.9991E-05 0.892522 0.0192542 0.0881235
0.0851076 0.914692 9.9982E-05 9.9982E-05
0.754669 0.166993 0.0593484 0.0189886
9.9991E-05 0.776696 0.216857 0.0063478
9.9982E-05 0.68694 0.31286 9.9982E-05
9.9982E-05 0.13774 0.86206 9.9982E-05
9.9982E-05 0.0486208 9.9982E-05 0.951179
0.899633 9.9982E-05 0.100167 9.9982E-05
0.181026 9.9982E-05 9.9982E-05 0.818774
9.998E-05 9.998E-05 0.9997 9.998E-05
9.9982E-05 0.522149 9.9982E-05 0.477651
9.99821E-05 0.899575 9.99821E-05 0.100225
0.033693 9.9991E-05 0.138683 0.827524
9.9982E-05 0.429396 9.9982E-05 0.570404
