0.0502982 0.771269 9.9991E-05 0.178333
0.0362817 0.963518 9.9982E-05 9.9982E-05
9.998E-05 0.418255 9.998E-05 0.581545
9.999E-05 0.770149 0.123274 0.106477
0.56403 0.0117665 9.9991E-05 0.424104
9.9991E-05 0.0133904 0.90396 0.0825495
0.0581325 9.9991E-05 0.119536 0.822231
9.998E-05 0.93493 9.998E-05 0.0648704
0.158184 9.9982E-05 0.841616 9.9982E-05
0.338929 9.9982E-05 9.9982E-05 0.660871
0.0249992 9.99821E-05 9.99821E-05 0.974801
9.9982E-05 0.980327 0.0194731 9.9982E-05
0.596736 0.0386883 0.0607759 0.3038
9.999E-05 0.00260828 0.137241 0.860051
0.679531 9.9982E-05 9.9982E-05 0.320269
0.745533 9.9991E-05 0.236664 0.0177029
9.9982E-05 0.991526 0.0082741 9.9982E-05
0.404669 9.9991E-05 0.407824 0.187407
9.9982E-05 0.0206199 0.97918 9.9982E-05
0.843146 9.9982E-05 0.156654 9.9982E-05
0.700782 9.9982E-05 0.299018 9.9982E-05
0.239834 0.103702 0.656364 9.9991E-05
0.899262 9.9982E-05 0.100538 9.9982E-05
0.205996 0.53174 0.10107 0.161193
9.9991E-05 0.0358309 0.136728 0.827341
0.893108 9.998E-05 9.998E-05 0.106692
9.99821E-05 0.789151 9.99821E-05 0.210649
0.165755 0.101306 0.520143 0.212797
9.998E-05 0.9997 9.998E-05 9.998E-05
9.99821E-05 0.471834 0.527966 9.99821E-05
9.998E-05 9.998E-05 9.998E-05 0.9997
9.998E-05 9.998E-05 9.998E-05 0.9997
0.184576 9.9982E-05 9.9982E-05 0.815224
9.9991E-05 0.00377494 0.880667 0.115458
9.9982E-05 0.985289 0.0145114 9.9982E-05
0.612852 9.9982E-05 0.386948 9.9982E-05
9.998E-05 9.998E-05 0.9997 9.998E-05
9.9991E-05 0.0874595 0.86547 0.0469702
0.078259 0.157399 0.0696552 0.694687
9.9982E-05 0.21451 0.78529 9.9982E-05
9.9982E-05 0.333384 0.666416 9.9982E-05
9.99821E-05 0.959769 0.0400309 9.99821E-05
0.996682 9.9982E-05 0.00311776 9.9982E-05
9.9982E-05 0.0679794 9.9982E-05 0.931821
0.825017 9.998E-05 9.998E-05 0.174783
9.998E-05 0.9997 9.998E-05 9.998E-05
0.440175 9.9982E-05 0.559625 9.9982E-05
0.0300504 9.99821E-05 0.96975 9.99821E-05
0.816255 0.136376 9.9991E-05 0.0472689
0.553791 9.9982E-05 0.446009 9.9982E-05
