0.106342 9.9991E-05 0.0886142 0.804943
0.0342627 9.9982E-05 9.9982E-05 0.965537
0.00910371 9.9991E-05 0.475236 0.51556
9.9991E-05 0.342004 0.129105 0.528791
0.374166 9.9982E-05 0.625634 9.9982E-05
9.9991E-05 0.96435 0.0287862 0.00676361
0.0506505 0.0946327 0.854617 9.9991E-05
0.0101862 9.99821E-05 9.99821E-05 0.989614
0.395253 0.604547 9.9982E-05 9.9982E-05
0.215549 9.9982E-05 0.784251 9.9982E-05
0.080276 9.99821E-05 0.919524 9.99821E-05
9.9982E-05 0.14585 9.9982E-05 0.85395
0.380417 0.06989 0.549593 9.9991E-05
9.999E-05 0.0635224 0.911819 0.0245584
0.512958 9.9982E-05 0.486842 9.9982E-05
0.845515 0.0960998 0.0582853 9.9991E-05
9.9991E-05 0.116176 0.0183394 0.865384
0.508173 0.217987 0.273741 9.9991E-05
9.998E-05 0.9997 9.998E-05 9.998E-05
0.895202 0.104598 9.9982E-05 9.9982E-05
0.793136 0.179939 9.9991E-05 0.0268246
0.434307 0.478649 9.9991E-05 0.0869436
0.802555 0.105489 0.0918562 9.9991E-05
0.100387 0.247457 0.261934 0.390223
9.9991E-05 0.0407609 0.804169 0.15497
0.754949 9.9982E-05 0.244851 9.9982E-05
9.9991E-05 0.174296 0.29482 0.530785
0.244153 0.53345 0.222297 9.9991E-05
0.0393161 9.99821E-05 9.99821E-05 0.960484
9.9991E-05 0.695311 0.0145932 0.289995
9.998E-05 9.998E-05 0.9997 9.998E-05
9.998E-05 9.998E-05 0.9997 9.998E-05
0.0966209 9.9982E-05 0.903179 9.9982E-05
0.0328586 0.898359 0.0686824 9.9991E-05
9.9991E-05 0.170473 0.0495394 0.779888
0.763867 0.235933 9.9982E-05 9.9982E-05
0.130364 0.869436 9.9982E-05 9.9982E-05
0.00923287 0.91211 0.0785573 9.9991E-05
0.10055 0.0988458 0.71583 0.0847742
9.9991E-05 0.918648 0.00874689 0.0725053
9.9982E-05 0.804063 9.9982E-05 0.195737
9.9982E-05 0.122543 9.9982E-05 0.877257
0.9997 9.998E-05 9.998E-05 9.998E-05
9.9982E-05 9.9982E-05 0.902434 0.0973664
0.689875 9.9982E-05 0.309925 9.9982E-05
0.0102981 9.99821E-05 9.99821E-05 0.989502
0.711953 0.287847 9.9982E-05 9.9982E-05
0.120902 0.878898 9.99821E-05 9.99821E-05
0.734448 9.9991E-05 0.213669 0.0517828
0.634647 0.365153 9.9982E-05 9.9982E-05
