9.9991E-05 0.73946 0.170833 0.0896066
9.9982E-05 0.962391 9.9982E-05 0.0374092
9.999E-05 0.438634 0.542188 0.0190784
0.171413 0.702692 0.125795 9.9991E-05
9.9982E-05 9.9982E-05 0.615188 0.384612
0.905142 0.0493337 0.0454243 9.9991E-05
0.0784752 0.00931789 0.808078 0.104129
9.99821E-05 0.969332 0.0304682 9.99821E-05
0.750023 9.99821E-05 9.99821E-05 0.249778
9.9982E-05 9.9982E-05 0.792366 0.207434
9.998E-05 9.998E-05 0.9997 9.998E-05
0.0785386 0.921261 9.9982E-05 9.9982E-05
0.0395578 0.00754183 0.520545 0.432355
0.0186241 0.0942354 0.887041 9.9991E-05
9.9982E-05 9.9982E-05 0.451984 0.547816
0.135397 9.99821E-05 9.99821E-05 0.864403
0.00978987 0.99001 9.9982E-05 9.9982E-05
0.303474 9.9991E-05 0.272172 0.424253
0.9357 0.0641004 9.9982E-05 9.9982E-05
0.18546 9.99821E-05 9.99821E-05 0.81434
0.10984 0.0878748 9.9991E-05 0.802185
0.659229 9.9982E-05 9.9982E-05 0.340571
0.114552 9.9991E-05 0.0154747 0.869874
0.0913036 0.59469 0.202808 0.111199
0.0393006 0.137555 0.823044 9.9991E-05
9.9982E-05 9.9982E-05 0.18659 0.81321
0.00698335 0.722151 0.270766 9.9991E-05
0.641122 9.9991E-05 0.245051 0.113727
9.99821E-05 0.950847 9.99821E-05 0.0489535
0.729337 0.270463 9.99821E-05 9.99821E-05
9.998E-05 9.998E-05 0.9997 9.998E-05
9.998E-05 9.998E-05 0.9997 9.998E-05
9.9982E-05 9.9982E-05 0.940048 0.0597518
0.916966 9.9982E-05 0.0828345 9.9982E-05
0.0806982 0.888591 0.0306107 9.9991E-05
0.345293 9.9982E-05 9.9982E-05 0.654507
0.917422 9.9982E-05 9.9982E-05 0.0823776
0.948731 0.00232549 0.0488433 9.9991E-05
0.192794 0.0325905 0.774516 9.9991E-05
0.805575 0.176434 9.9991E-05 0.017891
0.802585 0.197215 9.9982E-05 9.9982E-05
0.0900982 0.909702 9.9982E-05 9.9982E-05
0.0679903 9.9982E-05 9.9982E-05 0.93181
9.9982E-05 0.106161 0.893639 9.9982E-05
9.9982E-05 9.9982E-05 0.200906 0.798894
9.998E-05 0.9997 9.998E-05 9.998E-05
0.467234 9.9982E-05 9.9982E-05 0.532566
0.854299 9.99821E-05 9.99821E-05 0.145501
9.9991E-05 0.132863 0.0884136 0.778623
0.423108 9.9982E-05 9.9982E-05 0.576692
