9.9991E-05 0.17449 0.6956 0.129809
9.9982E-05 9.9982E-05 0.964362 0.0354379
9.9982E-05 0.511935 0.487865 9.9982E-05
0.375606 0.176556 0.447738 9.9991E-05
9.9982E-05 0.676886 9.9982E-05 0.322914
0.899487 0.0876288 0.00456886 0.00831503
0.0991544 0.78094 9.9991E-05 0.119806
9.9982E-05 0.0283857 0.971414 9.9982E-05
0.542357 9.9982E-05 9.9982E-05 0.457443
9.9982E-05 0.818773 9.9982E-05 0.181027
9.998E-05 0.9997 9.998E-05 9.998E-05
0.124535 9.9982E-05 0.875265 9.9982E-05
0.0378473 0.475076 0.00652685 0.48055
0.0203115 0.8652 0.114388 9.9991E-05
9.9982E-05 0.479801 9.9982E-05 0.519999
9.998E-05 9.998E-05 9.998E-05 0.9997
0.171056 0.0266317 0.802212 9.9991E-05
0.239947 0.245976 9.9991E-05 0.513976
0.9997 9.998E-05 9.998E-05 9.998E-05
0.0173267 9.9991E-05 0.0657172 0.916856
0.138972 9.9982E-05 9.9982E-05 0.860828
0.581606 9.99821E-05 9.99821E-05 0.418194
0.0163147 0.0728886 9.9991E-05 0.910697
0.283582 0.27715 0.353005 0.0862629
0.116617 0.883183 9.9982E-05 9.9982E-05
9.9982E-05 0.318207 9.9982E-05 0.681593
0.0784291 0.287024 0.634447 9.9991E-05
0.558953 0.298559 0.00628373 0.136204
9.99821E-05 9.99821E-05 0.973262 0.0265381
0.640481 9.99821E-05 0.359319 9.99821E-05
9.9982E-05 0.942153 0.0576467 9.9982E-05
9.998E-05 0.9997 9.998E-05 9.998E-05
9.9982E-05 0.925338 9.9982E-05 0.074462
0.951927 0.0478735 9.9982E-05 9.9982E-05
0.222257 0.0290192 0.748624 9.9991E-05
0.180438 9.9982E-05 9.9982E-05 0.819362
0.838015 9.9982E-05 9.9982E-05 0.161785
0.964365 0.0236396 9.9991E-05 0.011895
9.9991E-05 0.669017 0.112007 0.218877
0.974949 9.99821E-05 0.0248511 9.99821E-05
0.831272 9.9982E-05 0.168528 9.9982E-05
0.214696 9.9982E-05 0.785104 9.9982E-05
9.998E-05 9.998E-05 9.998E-05 0.9997
0.00860321 0.909209 0.0820881 9.9991E-05
9.9982E-05 0.365227 9.9982E-05 0.634573
9.998E-05 9.998E-05 0.9997 9.998E-05
0.223821 9.9982E-05 9.9982E-05 0.775979
0.732509 9.99821E-05 9.99821E-05 0.267291
9.9991E-05 0.194032 0.0881663 0.717702
0.354416 9.9982E-05 9.9982E-05 0.645384
