0.14018 0.717954 9.9991E-05 0.141766
0.0187819 0.981018 9.9982E-05 9.9982E-05
9.9982E-05 0.469527 9.9982E-05 0.530273
9.999E-05 0.603917 0.206178 0.189806
0.370153 9.9982E-05 9.9982E-05 0.629647
9.9991E-05 0.0326192 0.913279 0.054002
0.0247581 9.9991E-05 0.13006 0.845082
9.9982E-05 0.994453 9.9982E-05 0.00534713
0.299856 9.9982E-05 0.699944 9.9982E-05
0.150923 9.9982E-05 9.9982E-05 0.848877
0.145606 9.99821E-05 9.99821E-05 0.854194
9.9982E-05 0.862381 0.137419 9.9982E-05
0.407263 9.9991E-05 0.0445034 0.548134
9.99821E-05 0.176454 9.99821E-05 0.823346
0.580934 9.9982E-05 9.9982E-05 0.418866
0.915473 0.0137559 0.0706715 9.9991E-05
9.9982E-05 0.929427 0.0703732 9.9982E-05
0.406591 9.9991E-05 0.295109 0.2982
9.9982E-05 0.0926274 0.907173 9.9982E-05
0.876699 0.0634745 0.0597263 9.9991E-05
0.802392 0.00138327 0.196124 9.9991E-05
0.347328 0.123049 0.529524 9.9991E-05
0.924749 9.9991E-05 0.0339504 0.0412002
0.167318 0.484973 0.116944 0.230765
9.9991E-05 0.0550692 0.0979884 0.846842
0.690286 9.9982E-05 9.9982E-05 0.309514
9.9991E-05 0.677837 0.0830815 0.238981
0.109273 9.9991E-05 0.606286 0.284341
9.998E-05 0.9997 9.998E-05 9.998E-05
9.99821E-05 0.326216 0.673584 9.99821E-05
9.9982E-05 0.0170934 9.9982E-05 0.982707
9.998E-05 9.998E-05 9.998E-05 0.9997
0.0229801 9.9982E-05 9.9982E-05 0.97682
9.9982E-05 9.9982E-05 0.928897 0.0709026
9.9991E-05 0.701836 0.172371 0.125693
0.763938 9.9982E-05 0.235862 9.9982E-05
0.126355 9.9982E-05 0.873445 9.9982E-05
9.9982E-05 9.9982E-05 0.918836 0.0809642
0.00174919 0.0465812 0.184738 0.766932
9.99821E-05 0.127027 0.872773 9.99821E-05
9.9982E-05 0.245074 0.754726 9.9982E-05
9.9982E-05 0.871286 0.128514 9.9982E-05
0.9997 9.998E-05 9.998E-05 9.998E-05
9.9982E-05 0.133347 9.9982E-05 0.866453
0.682855 9.9982E-05 9.9982E-05 0.316945
0.0410111 0.958789 9.9982E-05 9.9982E-05
0.645421 9.9982E-05 0.354379 9.9982E-05
0.119808 9.99821E-05 0.879992 9.99821E-05
0.749783 0.0871725 9.9991E-05 0.162944
0.5095 9.99821E-05 0.4903 9.99821E-05
