9.9991E-05 0.781974 0.0985008 0.119425
9.9982E-05 0.940611 0.059189 9.9982E-05
9.999E-05 0.568334 0.0231267 0.40844
0.220833 0.606329 9.9991E-05 0.172738
9.9982E-05 9.9982E-05 0.470328 0.529472
0.93497 0.0179206 9.9991E-05 0.0470092
0.110844 9.9991E-05 0.0545142 0.834542
9.99821E-05 0.992859 9.99821E-05 0.00694098
0.803863 9.99821E-05 0.195937 9.99821E-05
9.9982E-05 9.9982E-05 0.305282 0.694518
9.99821E-05 9.99821E-05 0.120195 0.879605
0.0923829 0.907417 9.9982E-05 9.9982E-05
0.0341107 9.9991E-05 0.511597 0.454192
9.99821E-05 0.147656 9.99821E-05 0.852144
9.9982E-05 9.9982E-05 0.668617 0.331183
0.188922 9.99821E-05 0.810878 9.99821E-05
0.118458 0.878967 9.9991E-05 0.00247478
0.349284 9.9991E-05 0.381144 0.269472
0.981725 0.0180747 9.9982E-05 9.9982E-05
0.0873605 9.9982E-05 0.91244 9.9982E-05
0.392976 9.9982E-05 0.606824 9.9982E-05
0.579266 0.0669352 0.353699 9.9991E-05
0.185339 9.9991E-05 0.79445 0.0201107
0.208057 0.455622 0.0667891 0.269531
0.144893 0.117477 9.9991E-05 0.73753
9.9982E-05 9.9982E-05 0.800891 0.198909
9.99821E-05 0.728774 9.99821E-05 0.271026
0.638779 9.9991E-05 0.0819396 0.279182
9.99821E-05 0.97366 0.0261401 9.99821E-05
0.679152 0.320648 9.99821E-05 9.99821E-05
9.998E-05 9.998E-05 9.998E-05 0.9997
9.998E-05 9.998E-05 9.998E-05 0.9997
9.9982E-05 9.9982E-05 0.10956 0.89024
0.944353 9.99821E-05 9.99821E-05 0.0554474
0.14305 0.774101 9.9991E-05 0.0827491
0.355383 9.9982E-05 0.644417 9.9982E-05
0.900654 9.9982E-05 0.0991463 9.9982E-05
0.926129 9.9982E-05 9.9982E-05 0.0736713
0.155639 0.0994879 0.00475865 0.740114
0.95745 0.0423495 9.99821E-05 9.99821E-05
0.778266 0.221534 9.9982E-05 9.9982E-05
0.124882 0.874918 9.9982E-05 9.9982E-05
9.998E-05 9.998E-05 0.9997 9.998E-05
9.9982E-05 0.103093 9.9982E-05 0.896707
9.9982E-05 9.9982E-05 0.746529 0.253271
9.99821E-05 0.987524 0.0122758 9.99821E-05
0.433352 9.9982E-05 0.566448 9.9982E-05
0.940505 9.99821E-05 0.0592955 9.99821E-05
9.9991E-05 0.115874 0.768504 0.115521
0.396698 9.9982E-05 0.603102 9.9982E-05
