0.238756 9.9991E-05 0.0779118 0.683232
9.9982E-05 9.9982E-05 0.0863918 0.913408
0.441606 9.9991E-05 0.0152149 0.543079
0.157303 0.229885 9.9991E-05 0.612712
0.598743 9.9982E-05 0.401057 9.9982E-05
0.101673 0.884964 9.9991E-05 0.0132628
0.843285 0.148294 0.00832127 9.9991E-05
9.99821E-05 9.99821E-05 0.00506211 0.994738
9.9982E-05 0.738885 0.260915 9.9982E-05
0.746935 9.9982E-05 0.252865 9.9982E-05
0.979378 9.99821E-05 0.0204224 9.99821E-05
9.9982E-05 0.0724047 9.9982E-05 0.927395
0.453442 0.0895826 0.456875 9.9991E-05
0.822295 0.11308 9.9991E-05 0.064525
0.415355 9.9982E-05 0.584446 9.9982E-05
9.99821E-05 0.112707 0.887093 9.99821E-05
0.0206092 0.128736 9.9991E-05 0.850554
0.251684 0.267869 0.480347 9.9991E-05
9.9982E-05 0.981317 9.9982E-05 0.0184832
9.9982E-05 0.120776 0.879024 9.9982E-05
9.9982E-05 0.255464 0.744336 9.9982E-05
9.9991E-05 0.59509 0.386461 0.0183491
9.9982E-05 0.0711138 0.928686 9.9982E-05
0.277849 0.287642 0.0409404 0.393568
0.791838 0.111048 9.9991E-05 0.0970139
0.156607 9.9982E-05 0.843194 9.9982E-05
0.298542 0.125062 9.9991E-05 0.576296
0.232075 0.687815 0.0800098 9.9991E-05
9.99821E-05 9.99821E-05 0.0638871 0.935913
9.99821E-05 0.730909 9.99821E-05 0.268891
0.912769 9.9982E-05 9.9982E-05 0.0870312
0.9997 9.998E-05 9.998E-05 9.998E-05
0.922766 9.9982E-05 0.0770339 9.9982E-05
0.0570965 0.942704 9.9982E-05 9.9982E-05
0.0820093 0.174209 9.9991E-05 0.743681
9.9991E-05 0.313888 0.682953 0.00305957
9.9982E-05 0.925072 0.0747279 9.9982E-05
0.0226911 0.909896 0.03168 0.0357324
0.729024 0.228248 9.9991E-05 0.0426284
9.99821E-05 0.943628 9.99821E-05 0.0561717
9.9982E-05 0.707336 9.9982E-05 0.292464
9.9982E-05 0.152428 9.9982E-05 0.847372
9.99821E-05 0.0017795 0.998021 9.99821E-05
0.850674 9.9982E-05 9.9982E-05 0.149126
0.228455 9.9982E-05 0.771345 9.9982E-05
9.998E-05 9.998E-05 9.998E-05 0.9997
9.9982E-05 0.450925 0.548875 9.9982E-05
9.99821E-05 0.895627 0.104173 9.99821E-05
0.214041 9.9991E-05 0.714866 0.0709934
9.9982E-05 0.471582 0.528218 9.9982E-05
