0.274957 0.0746724 0.65037
9.999E-05 0.0214277 0.978472
0.462983 9.9991E-05 0.536917
0.10952 0.0309218 0.859558
0.894541 0.105359 9.9991E-05
9.999E-05 0.546428 0.453472
0.860685 0.0909465 0.0483688
0.0840934 9.9991E-05 0.915807
9.9991E-05 0.978375 0.0215248
0.9998 9.999E-05 9.999E-05
0.9998 9.999E-05 9.999E-05
9.999E-05 9.999E-05 0.9998
0.6271 0.3728 9.9991E-05
0.764126 9.9991E-05 0.235774
0.766711 0.233189 9.9991E-05
0.247612 0.752288 9.9991E-05
9.999E-05 9.999E-05 0.9998
0.426581 0.573319 9.9991E-05
9.9991E-05 0.458314 0.541586
0.13397 0.86593 9.9991E-05
0.100326 0.899574 9.9991E-05
9.9991E-05 0.833773 0.166127
0.266038 0.733862 9.9991E-05
0.258751 0.132447 0.608803
0.744864 9.9991E-05 0.255036
0.631344 0.368556 9.9991E-05
0.20957 9.9991E-05 0.79033
0.192713 0.561238 0.24605
9.999E-05 9.999E-05 0.9998
9.9991E-05 0.367596 0.632304
0.930372 9.9991E-05 0.0695275
0.9998 9.999E-05 9.999E-05
0.9998 9.999E-05 9.999E-05
9.9991E-05 0.601082 0.398818
0.0486043 9.9991E-05 0.951296
0.134095 0.865805 9.9991E-05
9.9991E-05 0.740319 0.259581
9.9991E-05 0.592603 0.407297
0.710335 0.138845 0.15082
9.9991E-05 0.501747 0.498153
9.9991E-05 0.388762 0.611138
9.999E-05 9.999E-05 0.9998
0.146058 0.853842 9.9991E-05
0.802067 9.9991E-05 0.197833
0.636462 0.363438 9.9991E-05
0.0211944 9.9991E-05 0.978706
9.999E-05 0.9998 9.999E-05
9.9991E-05 0.821357 0.178544
0.532283 0.467617 9.9991E-05
0.132439 0.846323 0.0212384
