0.227795 0.740899 0.0313061
0.024734 0.975166 9.9991E-05
0.558465 0.441435 9.9991E-05
0.139537 0.860363 9.9991E-05
0.822319 9.9991E-05 0.177581
9.999E-05 0.517348 0.482552
0.845495 0.046346 0.108159
0.072163 0.927737 9.9991E-05
9.9991E-05 0.0939045 0.905996
0.898904 9.9991E-05 0.100996
0.9998 9.999E-05 9.999E-05
9.999E-05 0.9998 9.999E-05
0.601473 9.9991E-05 0.398427
0.827074 0.172826 9.9991E-05
0.664604 9.9991E-05 0.335296
0.084148 9.9991E-05 0.915752
0.0172754 0.982625 9.9991E-05
0.374598 9.9991E-05 0.625302
9.9991E-05 0.611481 0.388419
0.0353134 9.9991E-05 0.964587
0.0252001 9.9991E-05 0.9747
9.9991E-05 0.266405 0.733495
0.218845 9.9991E-05 0.781055
0.299134 0.539703 0.161164
0.795453 0.204447 9.9991E-05
0.50518 9.9991E-05 0.49472
0.260853 0.739047 9.9991E-05
0.285119 0.264212 0.450669
0.0411148 0.948303 0.010582
9.9991E-05 0.784123 0.215777
0.9998 9.999E-05 9.999E-05
0.9998 9.999E-05 9.999E-05
0.9998 9.999E-05 9.999E-05
9.9991E-05 0.475271 0.524629
0.0841166 0.915783 9.9991E-05
0.00838378 9.9991E-05 0.991516
9.9991E-05 0.332124 0.667776
9.9991E-05 0.452603 0.547297
0.752835 0.180877 0.0662881
9.9991E-05 0.549816 0.450084
9.9991E-05 0.841612 0.158288
9.999E-05 0.9998 9.999E-05
0.0277087 9.9991E-05 0.972191
0.865352 0.134548 9.9991E-05
0.517725 9.9991E-05 0.482175
0.032878 0.967022 9.9991E-05
9.999E-05 9.999E-05 0.9998
9.9991E-05 0.27394 0.72596
0.420339 0.015085 0.564576
0.033211 0.0546131 0.912176
