0.755937 0.0150653 0.228998
0.9998 9.999E-05 9.999E-05
0.501307 9.9991E-05 0.498593
0.745695 9.9991E-05 0.254205
9.9991E-05 0.172343 0.827557
0.433014 0.566886 9.9991E-05
0.0371863 0.132385 0.830429
0.89906 9.9991E-05 0.10084
9.999E-05 0.9998 9.999E-05
9.9991E-05 0.0270266 0.972873
9.999E-05 9.999E-05 0.9998
0.9998 9.999E-05 9.999E-05
9.9991E-05 0.371651 0.628249
0.196585 9.9991E-05 0.803315
9.9991E-05 0.344718 0.655182
9.9991E-05 0.824199 0.175701
0.944493 9.9991E-05 0.0554074
9.9991E-05 0.622871 0.377029
0.545386 0.454514 9.9991E-05
9.9991E-05 0.9159 0.0840001
9.9991E-05 0.881957 0.117943
0.275831 0.724069 9.9991E-05
9.9991E-05 0.786657 0.213243
0.564987 0.156307 0.278706
0.194704 9.9991E-05 0.805196
9.9991E-05 0.475037 0.524863
0.791942 9.9991E-05 0.207958
0.191881 0.587499 0.220621
0.9998 9.999E-05 9.999E-05
0.65512 0.34478 9.9991E-05
0.0719478 9.9991E-05 0.927952
9.999E-05 9.999E-05 0.9998
9.999E-05 9.999E-05 0.9998
0.420958 0.578942 9.9991E-05
0.951473 9.9991E-05 0.048427
9.9991E-05 0.999669 0.000231437
0.265407 0.734493 9.9991E-05
0.384721 0.615179 9.9991E-05
0.211026 0.0500134 0.73896
0.462851 0.537049 9.9991E-05
0.694967 0.304933 9.9991E-05
0.9998 9.999E-05 9.999E-05
9.9991E-05 0.915142 0.0847577
0.18064 9.9991E-05 0.81926
9.9991E-05 0.443393 0.556507
0.995971 9.9991E-05 0.00392935
9.999E-05 0.9998 9.999E-05
0.136589 0.863311 9.9991E-05
9.9991E-05 0.541884 0.458016
0.026439 0.880087 0.0934744
