0.0193791 0.715336 0.265285
9.999E-05 0.9998 9.999E-05
9.999E-05 0.429445 0.570455
9.999E-05 0.883276 0.116624
0.188574 9.9991E-05 0.811326
0.501777 0.498123 9.9991E-05
0.0774371 0.0768028 0.84576
9.999E-05 0.9709 0.0290003
0.910859 0.0890407 9.9991E-05
9.999E-05 9.999E-05 0.9998
9.999E-05 9.999E-05 0.9998
9.999E-05 0.9998 9.999E-05
0.363137 9.9991E-05 0.636763
9.9991E-05 0.216211 0.783689
0.292656 9.9991E-05 0.707244
0.863772 9.9991E-05 0.136128
9.9991E-05 0.976387 0.023513
0.573951 9.9991E-05 0.425949
0.427531 0.572369 9.9991E-05
0.95441 9.9991E-05 0.0454904
0.905074 9.9991E-05 0.0948259
0.787559 0.212341 9.9991E-05
0.740921 9.9991E-05 0.258979
0.126996 0.58422 0.288784
9.9991E-05 0.2357 0.7642
0.452912 9.9991E-05 0.546988
9.9991E-05 0.794916 0.204984
0.545294 0.21094 0.243766
9.99911E-05 0.990119 0.00978075
0.338854 0.661046 9.9991E-05
9.9991E-05 0.0627019 0.937198
9.999E-05 9.999E-05 0.9998
9.999E-05 9.999E-05 0.9998
0.558884 0.441016 9.9991E-05
9.9991E-05 0.953444 0.0464563
0.937478 9.9991E-05 0.0624223
0.669109 0.330791 9.9991E-05
0.56204 0.43786 9.9991E-05
0.0970606 0.15026 0.75268
0.5255 0.4744 9.9991E-05
0.256353 0.743547 9.9991E-05
9.999E-05 0.9998 9.999E-05
0.980592 9.9991E-05 0.0193075
9.9991E-05 0.169641 0.830259
0.39537 9.9991E-05 0.60453
9.9991E-05 0.968134 0.0317656
0.9998 9.999E-05 9.999E-05
0.819677 0.180223 9.9991E-05
0.536575 9.9991E-05 0.463325
0.851231 0.0855649 0.0632045
