0.663032 0.260719 0.0762491
0.98441 0.0154902 9.9991E-05
0.452268 0.547632 9.9991E-05
0.836923 0.144627 0.0184497
9.9991E-05 0.782577 0.217323
0.634995 9.9991E-05 0.364905
0.0243613 0.87696 0.0986784
0.90568 0.0942195 9.9991E-05
0.129388 9.9991E-05 0.870512
9.9991E-05 0.941663 0.0582367
9.999E-05 0.9998 9.999E-05
0.9998 9.999E-05 9.999E-05
0.018405 0.640048 0.341546
0.153949 0.845951 9.9991E-05
9.9991E-05 0.638291 0.361609
9.9991E-05 0.0966276 0.903272
0.9998 9.999E-05 9.999E-05
9.9991E-05 0.327682 0.672218
0.61067 9.9991E-05 0.38923
9.9991E-05 0.0609104 0.93899
9.999E-05 9.999E-05 0.9998
0.2818 9.9991E-05 0.7181
9.9991E-05 0.133313 0.866587
0.626363 0.241824 0.131812
0.18881 0.81109 9.9991E-05
9.9991E-05 0.483866 0.516034
0.73975 0.26015 9.9991E-05
0.284043 0.205963 0.509993
0.95882 0.0410804 9.99911E-05
0.722969 9.9991E-05 0.276931
0.0158426 0.984057 9.9991E-05
9.999E-05 0.9998 9.999E-05
9.999E-05 0.9998 9.999E-05
0.495163 9.9991E-05 0.504737
0.928395 0.0715051 9.9991E-05
9.9991E-05 0.0300886 0.969811
0.337685 9.9991E-05 0.662215
0.532325 9.9991E-05 0.467575
0.105925 0.784506 0.109569
0.573806 9.9991E-05 0.426094
0.795921 9.9991E-05 0.203979
0.9998 9.999E-05 9.999E-05
9.9991E-05 0.0258182 0.974082
0.190081 0.809819 9.9991E-05
9.9991E-05 0.497943 0.501957
0.9998 9.999E-05 9.999E-05
9.999E-05 9.999E-05 0.9998
0.243333 9.9991E-05 0.756567
9.9991E-05 0.415844 0.584056
0.129953 0.0653581 0.804689
