0.688536 0.294665 0.0167985
0.959087 0.0408127 9.9991E-05
0.485769 0.514131 9.9991E-05
0.869256 0.130644 9.9991E-05
9.9991E-05 0.804642 0.195258
0.612705 9.9991E-05 0.387195
0.0692009 0.840855 0.0899441
0.923195 0.0767048 9.9991E-05
0.157715 9.9991E-05 0.842185
9.9991E-05 0.912184 0.0877159
9.999E-05 0.9998 9.999E-05
0.990609 0.00929094 9.9991E-05
9.9991E-05 0.564695 0.435205
0.201344 0.798556 9.9991E-05
9.9991E-05 0.628033 0.371867
9.9991E-05 0.109509 0.890391
0.986477 0.0134226 9.9991E-05
0.0556767 0.307344 0.636979
0.720355 9.9991E-05 0.279545
9.999E-05 9.999E-05 0.9998
9.9991E-05 0.00129785 0.998602
0.410105 9.9991E-05 0.589795
9.9991E-05 0.172219 0.827681
0.561127 0.338524 0.100349
0.256365 0.743535 9.9991E-05
9.9991E-05 0.436516 0.563384
0.714092 0.285808 9.9991E-05
0.308987 0.120122 0.570891
0.976187 0.023713 9.99911E-05
0.769613 9.9991E-05 0.230287
0.0304718 0.969428 9.9991E-05
9.999E-05 0.9998 9.999E-05
9.999E-05 0.9998 9.999E-05
0.516896 9.9991E-05 0.483004
0.946287 0.0536134 9.9991E-05
9.9991E-05 0.0281414 0.971759
0.428948 9.9991E-05 0.570952
0.524312 9.9991E-05 0.475588
0.185308 0.776504 0.0381873
0.607423 9.9991E-05 0.392477
0.904448 9.9991E-05 0.0954518
0.9998 9.999E-05 9.999E-05
9.9991E-05 0.0107507 0.989149
0.131495 0.868405 9.9991E-05
9.9991E-05 0.476822 0.523078
0.96629 0.03361 9.9991E-05
9.999E-05 9.999E-05 0.9998
0.366817 9.9991E-05 0.633083
9.9991E-05 0.345875 0.654025
0.0867233 0.0359611 0.877316
