0.252557 9.9991E-05 0.747343
0.0636572 9.9991E-05 0.936243
0.525913 9.9991E-05 0.473987
0.179381 9.9991E-05 0.820519
0.811017 0.188883 9.9991E-05
9.999E-05 0.456817 0.543083
0.912332 0.0734987 0.0141698
0.126453 9.9991E-05 0.873447
9.9991E-05 0.866774 0.133126
0.93096 0.0689404 9.9991E-05
0.9998 9.999E-05 9.999E-05
9.999E-05 9.999E-05 0.9998
0.615349 0.384551 9.9991E-05
0.780242 9.9991E-05 0.219658
0.600689 0.399211 9.9991E-05
0.0785246 0.921375 9.9991E-05
0.0531825 9.9991E-05 0.946717
0.347499 0.62751 0.0249914
9.9991E-05 0.3922 0.6077
0.0015664 0.998334 9.9991E-05
0.0616444 0.93433 0.00402522
9.9991E-05 0.69283 0.30707
0.199098 0.800802 9.9991E-05
0.232043 0.168373 0.599584
0.804243 9.9991E-05 0.195657
0.482149 0.517751 9.9991E-05
0.245423 9.9991E-05 0.754477
0.227629 0.439253 0.333118
0.00570541 9.99911E-05 0.994195
9.9991E-05 0.212439 0.787461
0.918822 9.9991E-05 0.0810785
0.9998 9.999E-05 9.999E-05
0.9998 9.999E-05 9.999E-05
9.9991E-05 0.459619 0.540281
0.0305016 9.9991E-05 0.969398
9.999E-05 0.9998 9.999E-05
9.9991E-05 0.698909 0.300991
9.9991E-05 0.486027 0.513873
0.718402 0.0736057 0.207993
9.9991E-05 0.41249 0.58741
9.9991E-05 0.148302 0.851598
9.999E-05 9.999E-05 0.9998
0.0060158 0.993884 9.9991E-05
0.870441 9.9991E-05 0.129459
0.54047 0.45943 9.9991E-05
0.021148 9.9991E-05 0.978752
9.999E-05 0.9998 9.999E-05
9.9991E-05 0.804779 0.195121
0.417389 0.582511 9.9991E-05
0.0834287 0.891345 0.0252265
