9.9991E-05 0.264803 0.735097
9.999E-05 0.0547648 0.945135
9.999E-05 0.508739 0.491161
9.999E-05 0.152439 0.847461
0.257508 0.742392 9.9991E-05
0.449001 9.9991E-05 0.550899
0.0774931 0.856885 0.0656215
9.999E-05 0.124279 0.875621
0.868417 9.9991E-05 0.131483
0.107827 0.892073 9.9991E-05
9.999E-05 0.9998 9.999E-05
9.999E-05 9.999E-05 0.9998
0.36297 0.63693 9.9991E-05
9.9991E-05 0.838183 0.161717
0.395157 0.604743 9.9991E-05
0.863892 0.136008 9.9991E-05
9.9991E-05 0.0807497 0.91915
0.618716 0.381184 9.9991E-05
0.311453 9.9991E-05 0.688447
0.995787 0.00411304 9.9991E-05
0.934922 0.0354637 0.0296138
0.721836 9.9991E-05 0.278064
0.811709 0.188191 9.9991E-05
0.210877 0.23212 0.557002
9.9991E-05 0.813114 0.186786
0.483159 0.516741 9.9991E-05
9.9991E-05 0.268079 0.731821
0.427725 0.241903 0.330373
9.99911E-05 0.0811787 0.918721
0.254814 9.9991E-05 0.745086
9.9991E-05 0.965228 0.0346721
9.999E-05 0.9998 9.999E-05
9.999E-05 0.9998 9.999E-05
0.452405 9.9991E-05 0.547495
9.9991E-05 0.0744906 0.925409
0.960272 0.0396282 9.9991E-05
0.571338 9.9991E-05 0.428562
0.500786 9.9991E-05 0.499114
0.107192 0.774609 0.118199
0.427444 9.9991E-05 0.572456
0.18034 9.9991E-05 0.81956
9.999E-05 9.999E-05 0.9998
0.993554 0.00634649 9.9991E-05
9.9991E-05 0.861434 0.138466
0.492189 0.507711 9.9991E-05
9.9991E-05 0.0648355 0.935065
0.9998 9.999E-05 9.999E-05
0.67582 9.9991E-05 0.32408
0.607824 0.392076 9.9991E-05
0.869068 0.0606649 0.0702673
