9.9982E-05 0.60383 0.241758 0.154213 9.9982E-05
9.997E-05 0.903348 9.997E-05 0.0963522 9.997E-05
9.9982E-05 0.308979 0.602754 0.088067 9.9982E-05
0.289542 0.506731 0.203527 9.9982E-05 9.9982E-05
9.997E-05 9.997E-05 0.00241084 9.997E-05 0.997289
0.880677 9.9982E-05 0.0790903 0.0400332 9.9982E-05
9.9982E-05 9.9982E-05 0.665852 0.10898 0.224969
9.9973E-05 0.878191 0.121509 9.9973E-05 9.9973E-05
0.429644 9.99731E-05 9.99731E-05 0.570056 9.99731E-05
9.997E-05 9.997E-05 9.997E-05 9.997E-05 0.9996
9.99731E-05 9.99731E-05 0.365342 9.99731E-05 0.634358
0.0490512 0.950649 9.99731E-05 9.99731E-05 9.99731E-05
0.0693935 9.999E-05 0.283999 0.216555 0.429952
9.998E-05 0.0423123 0.842469 9.998E-05 0.115018
9.9973E-05 9.9973E-05 9.9973E-05 0.0318943 0.967806
9.99731E-05 9.99731E-05 0.0731135 0.926587 9.99731E-05
0.108938 0.822157 9.9982E-05 9.9982E-05 0.0687054
0.281438 9.9991E-05 0.0574016 0.382943 0.278118
0.9996 9.997E-05 9.997E-05 9.997E-05 9.997E-05
9.99731E-05 0.000679127 9.99731E-05 0.999021 9.99731E-05
0.0645088 0.0624809 9.9991E-05 0.819601 0.0533092
0.347452 0.160548 9.9982E-05 0.4918 9.9982E-05
9.998E-05 9.998E-05 0.0258734 0.77956 0.194366
0.140408 0.416724 0.250258 0.19251 9.9991E-05
0.0788632 9.997E-05 0.920837 9.997E-05 9.997E-05
9.9973E-05 9.9973E-05 9.9973E-05 0.285095 0.714605
0.133371 0.527547 0.338882 9.9982E-05 9.9982E-05
0.66538 9.99821E-05 0.110805 9.99821E-05 0.223615
9.997E-05 0.939588 9.997E-05 0.0601123 9.997E-05
0.713903 0.285797 9.99731E-05 9.99731E-05 9.99731E-05
9.997E-05 9.997E-05 0.9996 9.997E-05 9.997E-05
9.997E-05 9.997E-05 0.9996 9.997E-05 9.997E-05
9.9973E-05 9.9973E-05 0.404141 9.9973E-05 0.595559
0.911497 9.9991E-05 0.0463217 0.0298978 0.0121833
0.203263 0.689348 0.107189 9.9982E-05 9.9982E-05
9.9973E-05 9.9973E-05 0.000974039 0.998726 9.9973E-05
0.819674 9.99731E-05 9.99731E-05 0.180026 9.99731E-05
0.880319 9.9982E-05 0.0181353 0.101346 9.9982E-05
0.0929086 0.0866071 0.48174 9.9991E-05 0.338645
0.906878 0.00533875 9.99821E-05 9.99821E-05 0.0875831
0.769271 0.23043 9.9973E-05 9.9973E-05 9.9973E-05
0.0937526 0.905947 9.9973E-05 9.9973E-05 9.9973E-05
9.99731E-05 9.99731E-05 9.99731E-05 0.888248 0.111452
9.997E-05 9.997E-05 0.9996 9.997E-05 9.997E-05
9.997E-05 9.997E-05 9.997E-05 0.306116 0.693584
9.99731E-05 0.934466 9.99731E-05 0.0652342 9.99731E-05
0.140992 9.9973E-05 9.9973E-05 0.858708 9.9973E-05
0.743363 9.997E-05 9.997E-05 0.256337 9.997E-05
9.99821E-05 0.116604 9.99821E-05 0.338814 0.544382
0.246773 0.0485059 9.9982E-05 0.704521 9.9982E-05
