0.700091 0.165046 9.9982E-05 9.9982E-05 0.134663
0.931228 9.9973E-05 9.9973E-05 9.9973E-05 0.0684719
0.460324 0.503061 9.9982E-05 9.9982E-05 0.0364152
0.523272 0.17744 9.9982E-05 0.299088 9.9982E-05
0.0191259 0.0110248 0.966842 0.00290746 9.9991E-05
9.9982E-05 0.0899782 9.9982E-05 0.903151 0.00667042
9.9982E-05 0.664999 0.261381 0.0734199 9.9982E-05
0.918512 0.0811883 9.99731E-05 9.99731E-05 9.99731E-05
9.99731E-05 9.99731E-05 9.99731E-05 0.533871 0.46583
9.997E-05 9.997E-05 0.9996 9.997E-05 9.997E-05
9.99731E-05 0.230915 0.768785 9.99731E-05 9.99731E-05
0.928945 9.9973E-05 9.9973E-05 0.0707556 9.9973E-05
9.9991E-05 0.269005 0.381864 0.0375702 0.311461
0.0209767 0.821005 0.0962542 0.0616641 9.9991E-05
9.9973E-05 9.9973E-05 0.846163 9.9973E-05 0.153537
9.99731E-05 0.114162 9.99731E-05 9.99731E-05 0.885538
0.897544 9.9982E-05 0.00640568 0.0958506 9.9982E-05
9.999E-05 0.152297 0.245957 0.230532 0.371113
9.997E-05 9.997E-05 9.997E-05 0.9996 9.997E-05
9.997E-05 9.997E-05 9.997E-05 9.997E-05 0.9996
0.0581627 9.9991E-05 0.0369244 0.145726 0.759087
0.105457 9.9991E-05 0.0173315 0.429858 0.447254
9.9982E-05 0.0563219 0.05098 9.9982E-05 0.892498
0.437854 0.100395 0.190005 0.184212 0.0875331
9.9982E-05 0.879652 9.9982E-05 0.103566 0.0165817
9.9973E-05 9.9973E-05 0.598773 9.9973E-05 0.400927
0.624117 0.285533 9.9982E-05 0.0901504 9.9982E-05
0.00385103 9.99821E-05 0.397553 0.598396 9.99821E-05
0.941627 9.99732E-05 9.99732E-05 9.99732E-05 0.058073
0.371763 9.99731E-05 9.99731E-05 0.627937 9.99731E-05
9.9973E-05 0.983583 0.0161167 9.9973E-05 9.9973E-05
9.997E-05 0.9996 9.997E-05 9.997E-05 9.997E-05
9.9973E-05 0.241795 0.757905 9.9973E-05 9.9973E-05
9.9973E-05 0.114821 9.9973E-05 0.884879 9.9973E-05
0.745597 0.040703 9.9982E-05 0.2135 9.9982E-05
9.9973E-05 9.9973E-05 9.9973E-05 0.111017 0.888683
9.9973E-05 9.9973E-05 9.9973E-05 0.82271 0.17699
9.998E-05 0.0316118 9.998E-05 0.907965 0.0602236
0.183392 0.429733 0.347942 0.0188538 0.0200795
0.0553256 9.99821E-05 0.0419451 0.902529 9.99821E-05
0.211464 9.9973E-05 9.9973E-05 0.788236 9.9973E-05
0.834891 9.997E-05 9.997E-05 0.16481 9.997E-05
9.99731E-05 9.99731E-05 0.0566022 9.99731E-05 0.943098
9.997E-05 0.9996 9.997E-05 9.997E-05 9.997E-05
9.997E-05 9.997E-05 0.673878 9.997E-05 0.325822
0.964643 9.99731E-05 9.99731E-05 9.99731E-05 0.0350572
9.9973E-05 9.9973E-05 9.9973E-05 0.255468 0.744232
9.99731E-05 9.99731E-05 9.99731E-05 0.784304 0.215396
0.121843 9.99821E-05 0.41513 9.99821E-05 0.462827
0.0249926 9.9991E-05 0.0586026 0.253911 0.662394
