0.256414 9.9982E-05 0.667701 9.9982E-05 0.0756856
9.9973E-05 9.9973E-05 0.930312 9.9973E-05 0.069388
0.621966 9.9982E-05 0.342452 9.9982E-05 0.0353811
0.218564 0.366723 0.414513 9.99821E-05 9.99821E-05
9.9973E-05 0.0130551 9.9973E-05 0.986645 9.9973E-05
0.111521 0.888179 9.99731E-05 9.99731E-05 9.99731E-05
0.584569 0.012318 9.9991E-05 0.317704 0.0853089
0.174209 9.9982E-05 0.782124 9.9982E-05 0.0434675
9.99731E-05 0.590058 9.99731E-05 9.99731E-05 0.409642
9.997E-05 9.997E-05 9.997E-05 0.9996 9.997E-05
0.245471 9.99731E-05 9.99731E-05 0.754229 9.99731E-05
9.997E-05 0.0788765 0.920824 9.997E-05 9.997E-05
0.205958 9.9991E-05 0.019917 0.449314 0.324711
0.778609 0.0665554 0.0334951 0.121241 9.9991E-05
9.9973E-05 9.9973E-05 9.9973E-05 0.834878 0.164823
0.0964557 0.0329267 9.99821E-05 9.99821E-05 0.870418
9.9982E-05 0.126601 0.844177 0.0290219 9.9982E-05
0.0829161 0.266543 9.9991E-05 0.294072 0.356369
9.997E-05 0.9996 9.997E-05 9.997E-05 9.997E-05
9.99731E-05 0.0049372 9.99731E-05 9.99731E-05 0.994763
9.99821E-05 0.0943389 0.00762331 9.99821E-05 0.897838
9.999E-05 0.462908 0.167877 0.0298239 0.339291
0.0271214 9.9982E-05 9.9982E-05 0.0975394 0.875139
0.222106 0.256753 0.395785 0.0597146 0.0656415
0.975713 0.0239871 9.9973E-05 9.9973E-05 9.9973E-05
9.9973E-05 9.9973E-05 9.9973E-05 0.56748 0.43222
0.293829 0.160769 0.545202 9.9982E-05 9.9982E-05
9.99821E-05 0.690638 9.99821E-05 0.308079 0.00108339
9.99732E-05 9.99732E-05 0.97397 9.99732E-05 0.02573
9.99821E-05 0.732792 0.262082 0.00492655 9.99821E-05
0.939989 9.9973E-05 9.9973E-05 0.0597107 9.9973E-05
0.9996 9.997E-05 9.997E-05 9.997E-05 9.997E-05
0.202404 9.9973E-05 9.9973E-05 0.797296 9.9973E-05
0.115341 0.847534 9.9982E-05 9.9982E-05 0.0369245
0.058681 0.215125 0.725994 9.9982E-05 9.9982E-05
0.0238907 0.0692902 0.00792563 9.9991E-05 0.898793
9.9973E-05 0.832145 9.9973E-05 9.9973E-05 0.167555
0.0128301 0.925307 9.9982E-05 9.9982E-05 0.0616631
0.438037 9.999E-05 0.195099 0.291002 0.0757616
9.99821E-05 0.920564 0.0339892 0.0452471 9.99821E-05
9.9973E-05 0.771684 0.228016 9.9973E-05 9.9973E-05
9.9973E-05 0.220308 0.779392 9.9973E-05 9.9973E-05
9.99731E-05 9.99731E-05 9.99731E-05 0.033914 0.965786
0.9996 9.997E-05 9.997E-05 9.997E-05 9.997E-05
9.99731E-05 9.99731E-05 9.99731E-05 0.58984 0.409861
9.99731E-05 9.99731E-05 0.961384 9.99731E-05 0.0383158
9.9973E-05 0.274869 9.9973E-05 9.9973E-05 0.724831
9.99731E-05 0.771389 9.99731E-05 9.99731E-05 0.228311
9.99821E-05 9.99821E-05 0.0799891 0.410158 0.509653
0.00928684 0.367035 9.9991E-05 0.000842833 0.622735
