0.254753 0.0715337 9.9982E-05 0.673513 9.9982E-05
9.9973E-05 0.0268967 9.9973E-05 0.972803 9.9973E-05
0.620297 9.9973E-05 9.9973E-05 0.379403 9.9973E-05
0.129908 9.9991E-05 0.0603583 0.517443 0.292191
0.0275322 0.049126 0.886909 9.9991E-05 0.0363324
0.0662263 0.0130991 9.9982E-05 9.9982E-05 0.920475
0.308187 9.9982E-05 0.578039 9.9982E-05 0.113575
0.0237461 0.00649931 9.9982E-05 0.969555 9.9982E-05
9.9973E-05 0.478444 9.9973E-05 9.9973E-05 0.521256
9.997E-05 9.997E-05 0.9996 9.997E-05 9.997E-05
0.0827729 9.99731E-05 0.916927 9.99731E-05 9.99731E-05
9.997E-05 9.997E-05 9.997E-05 0.870576 0.129124
0.249641 0.33394 0.381502 0.0144241 0.0204927
0.753055 9.9991E-05 0.209248 0.00141703 0.0361797
9.99731E-05 0.229135 0.770565 9.99731E-05 9.99731E-05
0.036988 0.962712 9.99731E-05 9.99731E-05 9.99731E-05
9.9982E-05 9.9982E-05 0.0442074 0.754242 0.201351
9.9982E-05 0.336486 0.398442 9.9982E-05 0.264872
9.997E-05 9.997E-05 9.997E-05 9.997E-05 0.9996
0.010794 0.988906 9.99731E-05 9.99731E-05 9.99731E-05
9.9982E-05 0.851829 9.9982E-05 0.128983 0.0189883
9.999E-05 0.450869 0.0174241 0.132071 0.399536
9.99731E-05 0.857327 0.142373 9.99731E-05 9.99731E-05
0.0799715 0.155614 0.131428 0.49832 0.134667
0.95313 0.00574336 9.9982E-05 9.9982E-05 0.0409268
0.0360769 0.467589 0.496134 9.9982E-05 9.9982E-05
0.409776 9.998E-05 9.998E-05 0.475142 0.114883
0.0992112 0.0750992 0.276443 9.9991E-05 0.549146
9.99732E-05 0.0495128 9.99732E-05 0.950187 9.99732E-05
9.99732E-05 9.99732E-05 9.99732E-05 0.294137 0.705563
0.78601 9.9973E-05 0.21369 9.9973E-05 9.9973E-05
0.9996 9.997E-05 9.997E-05 9.997E-05 9.997E-05
0.0819422 9.9982E-05 0.914713 0.00314528 9.9982E-05
0.0546598 9.9973E-05 9.9973E-05 9.9973E-05 0.94504
0.106186 9.998E-05 9.998E-05 0.730629 0.162986
9.9982E-05 0.908095 9.9982E-05 0.0174582 0.0742466
9.9973E-05 0.205486 9.9973E-05 9.9973E-05 0.794214
0.00118513 0.0757926 0.022333 9.9991E-05 0.900589
0.176676 9.9991E-05 0.614064 0.162699 0.0464615
9.99821E-05 9.99821E-05 0.0280302 0.0690833 0.902687
9.997E-05 9.997E-05 9.997E-05 0.209688 0.790012
9.99731E-05 9.99731E-05 9.99731E-05 0.853342 0.146358
9.997E-05 0.9996 9.997E-05 9.997E-05 9.997E-05
0.9996 9.997E-05 9.997E-05 9.997E-05 9.997E-05
9.99731E-05 0.374466 0.625234 9.99731E-05 9.99731E-05
9.997E-05 9.997E-05 9.997E-05 0.9996 9.997E-05
9.9973E-05 0.773353 9.9973E-05 9.9973E-05 0.226347
9.99731E-05 0.236214 9.99731E-05 9.99731E-05 0.763486
9.99821E-05 0.562539 0.359303 0.077958 9.99821E-05
9.998E-05 0.678102 0.0228103 9.998E-05 0.298888
