0.235408 9.9982E-05 9.9982E-05 0.676102 0.0882897
9.997E-05 9.997E-05 9.997E-05 0.9996 9.997E-05
0.540812 9.9982E-05 9.9982E-05 0.452022 0.00696626
0.161788 0.00631471 0.307786 0.524012 9.9991E-05
0.040149 0.959551 9.9973E-05 9.9973E-05 9.9973E-05
0.0634826 9.9982E-05 0.900266 0.0360518 9.9982E-05
0.672854 0.138386 9.9982E-05 9.9982E-05 0.18856
0.0150603 9.99731E-05 9.99731E-05 0.98464 9.99731E-05
9.99731E-05 9.99731E-05 0.501462 9.99731E-05 0.498238
0.0390919 0.960608 9.99731E-05 9.99731E-05 9.99731E-05
0.393607 0.606093 9.99731E-05 9.99731E-05 9.99731E-05
9.99731E-05 9.99731E-05 0.0912233 0.908477 9.99731E-05
0.15269 0.543531 0.144405 0.0216905 0.137683
0.970842 9.99821E-05 0.020931 9.99821E-05 0.00802672
9.9973E-05 0.924756 0.0749446 9.9973E-05 9.9973E-05
0.122243 9.99731E-05 9.99731E-05 9.99731E-05 0.877457
0.00228539 9.9982E-05 0.136281 0.861234 9.9982E-05
0.00646547 0.466022 0.344524 0.0138258 0.169163
9.997E-05 9.997E-05 0.9996 9.997E-05 9.997E-05
9.997E-05 9.997E-05 9.997E-05 9.997E-05 0.9996
9.99821E-05 9.99821E-05 0.0199309 0.0472656 0.932604
9.9982E-05 9.9982E-05 0.392518 0.101893 0.505389
0.0365882 0.244105 0.00064281 9.9991E-05 0.718564
0.174395 9.9982E-05 9.9982E-05 0.522652 0.302753
0.937764 9.9973E-05 0.0619364 9.9973E-05 9.9973E-05
9.9973E-05 0.729303 9.9973E-05 9.9973E-05 0.270397
0.386596 9.99821E-05 0.0863353 0.526869 9.99821E-05
0.0504814 0.285222 0.664096 9.99821E-05 9.99821E-05
9.99731E-05 9.99731E-05 9.99731E-05 0.954593 0.0451068
9.99821E-05 9.99821E-05 0.809752 0.188851 0.00119724
0.998449 0.00125059 9.99731E-05 9.99731E-05 9.99731E-05
0.9996 9.997E-05 9.997E-05 9.997E-05 9.997E-05
0.329436 0.670264 9.9973E-05 9.9973E-05 9.9973E-05
0.0763463 0.00870041 0.914753 9.9982E-05 9.9982E-05
0.109944 9.9982E-05 0.204869 0.684987 9.9982E-05
0.0423166 9.9991E-05 0.0009389 0.0188553 0.937789
9.9973E-05 9.9973E-05 0.831245 9.9973E-05 0.168455
0.0670559 9.9982E-05 0.829762 9.9982E-05 0.102983
0.361319 0.422263 0.0424557 0.173862 9.9991E-05
9.9991E-05 0.0249067 0.915264 0.0326749 0.0270549
9.99731E-05 9.99731E-05 0.883985 0.115715 9.99731E-05
9.99731E-05 9.99731E-05 0.19636 0.80334 9.99731E-05
9.99731E-05 0.125461 9.99731E-05 9.99731E-05 0.874239
0.98319 9.9973E-05 9.9973E-05 0.0165098 9.9973E-05
9.99731E-05 0.85301 9.99731E-05 9.99731E-05 0.14669
9.99731E-05 9.99731E-05 9.99731E-05 0.999343 0.000357555
9.9973E-05 9.9973E-05 0.144665 9.9973E-05 0.855035
9.99731E-05 9.99731E-05 0.816131 9.99731E-05 0.18357
9.99821E-05 0.499997 9.99821E-05 0.143631 0.356173
0.0216123 9.9982E-05 0.101085 9.9982E-05 0.877102
