0.27954 0.575588 0.144672 9.998E-05 9.998E-05
9.9973E-05 0.958017 0.0416836 9.9973E-05 9.9973E-05
0.582011 0.378598 0.0391917 9.9982E-05 9.9982E-05
0.171803 0.548375 9.99821E-05 9.99821E-05 0.279622
0.0683354 9.9973E-05 9.9973E-05 0.931365 9.9973E-05
0.0788057 0.00396088 9.9982E-05 9.9982E-05 0.917034
0.660932 9.998E-05 0.161326 0.177542 9.998E-05
0.0185022 0.944999 0.0362985 9.99821E-05 9.99821E-05
9.99731E-05 9.99731E-05 0.435151 9.99731E-05 0.564549
9.997E-05 9.997E-05 9.997E-05 0.9996 9.997E-05
0.420563 9.99731E-05 9.99731E-05 0.579137 9.99731E-05
9.9973E-05 0.915875 9.9973E-05 9.9973E-05 0.0838253
0.0943835 0.0532321 0.202182 0.642857 0.00734605
0.903984 0.0161105 9.9991E-05 0.0298161 0.0499897
9.9982E-05 9.9982E-05 0.0527251 0.91491 0.0321653
0.0896772 9.99731E-05 0.910023 9.99731E-05 9.99731E-05
9.9982E-05 0.923622 9.9982E-05 0.0171218 0.0590563
0.0372927 9.9991E-05 0.139026 0.423358 0.400223
9.9973E-05 0.00829564 9.9973E-05 9.9973E-05 0.991404
9.997E-05 9.997E-05 0.9996 9.997E-05 9.997E-05
9.998E-05 9.998E-05 0.686824 0.143537 0.169439
9.998E-05 0.174342 0.547711 9.998E-05 0.277747
0.0120585 9.9982E-05 0.646275 0.341467 9.9982E-05
0.246268 0.457412 0.229701 9.9991E-05 0.0665196
0.974597 9.9973E-05 9.9973E-05 9.9973E-05 0.0251026
9.9973E-05 9.9973E-05 0.250478 0.749222 9.9973E-05
0.371577 0.621392 9.998E-05 9.998E-05 0.00683138
0.133561 9.999E-05 0.066219 0.206112 0.594008
9.99732E-05 0.97667 0.0230301 9.99732E-05 9.99732E-05
9.99731E-05 0.309843 9.99731E-05 9.99731E-05 0.689858
0.97999 9.99731E-05 9.99731E-05 0.0197105 9.99731E-05
0.9996 9.997E-05 9.997E-05 9.997E-05 9.997E-05
0.34575 9.9973E-05 9.9973E-05 0.65395 9.9973E-05
0.0614481 9.9973E-05 9.9973E-05 9.9973E-05 0.938252
0.117378 0.717882 9.998E-05 9.998E-05 0.16454
9.997E-05 9.997E-05 0.9996 9.997E-05 9.997E-05
9.997E-05 9.997E-05 0.193701 9.997E-05 0.805999
0.0346787 0.00285968 0.0356114 9.9991E-05 0.92675
0.491381 0.0915949 9.999E-05 0.296984 0.11994
9.99821E-05 0.153409 9.99821E-05 0.00712334 0.839268
9.997E-05 0.173933 9.997E-05 9.997E-05 0.825767
9.9973E-05 0.863032 9.9973E-05 9.9973E-05 0.136668
9.99731E-05 9.99731E-05 0.904441 0.0952593 9.99731E-05
0.9996 9.997E-05 9.997E-05 9.997E-05 9.997E-05
9.99731E-05 9.99731E-05 0.0990116 0.900688 9.99731E-05
9.99731E-05 0.959666 0.040034 9.99731E-05 9.99731E-05
9.9973E-05 9.9973E-05 0.875789 9.9973E-05 0.123911
9.997E-05 9.997E-05 0.160491 9.997E-05 0.839209
9.998E-05 0.0856066 0.408854 0.505339 9.998E-05
9.998E-05 9.998E-05 0.725288 0.053558 0.220954
