0.104355 0.212825 9.9982E-05 9.9982E-05 0.68262
0.0624479 9.9973E-05 9.9973E-05 9.9973E-05 0.937252
0.058912 0.557991 9.9982E-05 9.9982E-05 0.382897
9.999E-05 0.109975 0.254277 0.0326688 0.602979
9.9982E-05 0.037633 9.9982E-05 0.911619 0.0505482
9.9982E-05 0.0520093 0.867935 9.9982E-05 0.0798556
0.133241 0.657749 0.0390057 0.169905 9.9991E-05
9.997E-05 9.997E-05 9.997E-05 9.997E-05 0.9996
0.499879 9.9973E-05 0.499821 9.9973E-05 9.9973E-05
9.997E-05 9.997E-05 9.997E-05 0.9996 9.997E-05
9.99731E-05 0.342851 9.99731E-05 0.656849 9.99731E-05
9.9973E-05 9.9973E-05 0.105724 9.9973E-05 0.893976
0.137281 0.11082 0.0836011 0.651241 0.0170562
9.9982E-05 0.824313 9.9982E-05 0.161998 0.0134882
0.0869158 9.9982E-05 0.0122922 0.900592 9.9982E-05
0.898459 0.101241 9.99731E-05 9.99731E-05 9.99731E-05
9.998E-05 0.020258 0.127624 9.998E-05 0.851918
0.439164 0.0878546 0.179086 0.293795 9.9991E-05
9.997E-05 9.997E-05 0.9996 9.997E-05 9.997E-05
0.955866 9.99731E-05 9.99731E-05 0.0438342 9.99731E-05
0.949289 9.99821E-05 9.99821E-05 0.0177314 0.0327795
0.391849 9.9991E-05 0.49768 0.0340636 0.0763074
0.828189 0.0915688 9.9982E-05 0.0800423 9.9982E-05
0.180474 0.220386 0.142412 0.0639461 0.392781
9.9982E-05 0.966514 0.0268033 9.9982E-05 0.0064823
0.425946 9.9973E-05 9.9973E-05 0.573754 9.9973E-05
9.9982E-05 0.403444 0.121515 9.9982E-05 0.474841
9.99821E-05 0.0390069 0.656693 0.3041 9.99821E-05
0.000636099 9.99731E-05 9.99731E-05 9.99731E-05 0.999064
9.99821E-05 9.99821E-05 0.61531 0.0197507 0.364739
9.997E-05 0.955814 9.997E-05 0.0438863 9.997E-05
9.997E-05 0.9996 9.997E-05 9.997E-05 9.997E-05
9.9973E-05 0.265634 9.9973E-05 0.734066 9.9973E-05
0.0477706 0.0561448 0.895885 9.9982E-05 9.9982E-05
9.9982E-05 0.0433145 0.228614 9.9982E-05 0.727871
0.987855 0.000985006 0.0109602 9.9982E-05 9.9982E-05
0.251853 9.9973E-05 0.747847 9.9973E-05 9.9973E-05
0.0584435 0.0371579 0.904199 9.9982E-05 9.9982E-05
9.9991E-05 0.236496 0.124569 0.51026 0.128574
9.99821E-05 9.99821E-05 0.892402 0.0650494 0.0423484
9.9973E-05 9.9973E-05 0.831103 9.9973E-05 0.168597
9.9973E-05 9.9973E-05 0.124066 9.9973E-05 0.875634
0.864677 9.99731E-05 9.99731E-05 0.135023 9.99731E-05
9.9973E-05 0.95188 9.9973E-05 9.9973E-05 0.0478205
0.266339 9.997E-05 9.997E-05 0.733361 9.997E-05
0.0646438 9.99731E-05 9.99731E-05 9.99731E-05 0.935056
0.844001 9.9973E-05 0.1557 9.9973E-05 9.9973E-05
0.165359 9.99731E-05 0.834341 9.99731E-05 9.99731E-05
0.438951 9.998E-05 9.998E-05 0.488503 0.0723465
0.733058 9.998E-05 0.218239 0.048504 9.998E-05
