9.9982E-05 0.6407 0.255807 9.9982E-05 0.103293
9.997E-05 0.954538 9.997E-05 9.997E-05 0.0451617
9.9982E-05 0.310065 0.688299 9.9982E-05 0.0014363
0.262865 0.601015 0.13592 9.99821E-05 9.99821E-05
9.9982E-05 0.0294183 9.9982E-05 0.96963 0.000751785
0.903089 9.9982E-05 0.0889819 9.9982E-05 0.00772898
0.106648 9.9982E-05 0.483298 0.409855 9.9982E-05
9.99731E-05 0.937998 0.0617016 9.99731E-05 9.99731E-05
0.546442 9.9973E-05 9.9973E-05 9.9973E-05 0.453258
9.997E-05 9.997E-05 9.997E-05 0.9996 9.997E-05
9.99731E-05 9.99731E-05 0.230712 0.768988 9.99731E-05
0.0905517 0.909148 9.9973E-05 9.9973E-05 9.9973E-05
0.111355 9.9991E-05 0.179926 0.543197 0.165422
0.0801158 0.0563083 0.661449 0.202027 9.9991E-05
9.99731E-05 9.99731E-05 9.99731E-05 0.853083 0.146617
9.99731E-05 9.99731E-05 0.141867 9.99731E-05 0.857833
0.0847437 0.898808 9.9982E-05 0.0162486 9.9982E-05
0.312725 9.9991E-05 0.150367 0.246626 0.290182
0.990455 0.00924492 9.997E-05 9.997E-05 9.997E-05
9.99731E-05 0.0140945 9.99731E-05 9.99731E-05 0.985606
0.0821879 0.0793932 9.99821E-05 9.99821E-05 0.838219
0.565775 0.0731275 9.9991E-05 0.0570549 0.303942
9.9982E-05 9.9982E-05 0.145076 0.0593442 0.79538
0.0842785 0.453279 0.222548 0.0218852 0.21801
9.9973E-05 0.0153424 0.984358 9.9973E-05 9.9973E-05
9.997E-05 9.997E-05 9.997E-05 0.596331 0.403369
0.0836752 0.580754 0.33537 9.9982E-05 9.9982E-05
0.662297 9.99821E-05 0.018398 0.319105 9.99821E-05
9.99731E-05 0.976234 9.99731E-05 9.99731E-05 0.0234664
0.686898 0.312803 9.99731E-05 9.99731E-05 9.99731E-05
9.9973E-05 9.9973E-05 0.938353 0.0613472 9.9973E-05
9.9973E-05 9.9973E-05 0.912026 0.0876741 9.9973E-05
9.9973E-05 9.9973E-05 0.117792 0.881908 9.9973E-05
0.856396 9.9982E-05 0.120119 9.9982E-05 0.0232855
0.166113 0.759958 0.0737285 9.998E-05 9.998E-05
0.0858345 9.9982E-05 0.00946188 9.9982E-05 0.904504
0.858651 9.99731E-05 9.99731E-05 9.99731E-05 0.141049
0.893638 9.9991E-05 0.101566 0.00102479 0.0036716
0.162228 0.0156238 0.463485 0.358563 9.9991E-05
0.903658 0.0713334 9.998E-05 0.0248089 9.998E-05
0.783896 0.215804 9.9973E-05 9.9973E-05 9.9973E-05
0.132365 0.867335 9.99731E-05 9.99731E-05 9.99731E-05
9.99731E-05 9.99731E-05 9.99731E-05 0.00229251 0.997408
9.997E-05 9.997E-05 0.9996 9.997E-05 9.997E-05
9.997E-05 9.997E-05 9.997E-05 0.639539 0.360161
9.99731E-05 0.983018 9.99731E-05 9.99731E-05 0.0166817
0.177792 9.997E-05 9.997E-05 9.997E-05 0.821909
0.805814 9.99731E-05 9.99731E-05 9.99731E-05 0.193886
9.99821E-05 0.152424 9.99821E-05 0.445019 0.402357
0.256947 9.9982E-05 9.9982E-05 0.114022 0.628832
