9.99821E-05 0.648919 0.242016 9.99821E-05 0.108865
9.9973E-05 0.914713 9.9973E-05 9.9973E-05 0.0849876
9.9982E-05 0.440216 0.531455 9.9982E-05 0.0281284
0.283727 0.482524 0.233549 9.99821E-05 9.99821E-05
9.9982E-05 0.0175222 0.0395158 0.942762 9.9982E-05
0.915648 9.9973E-05 0.0840525 9.9973E-05 9.9973E-05
0.0284053 9.9991E-05 0.648343 0.23328 0.0898716
9.997E-05 0.9996 9.997E-05 9.997E-05 9.997E-05
0.503661 9.99731E-05 9.99731E-05 9.99731E-05 0.496039
9.997E-05 9.997E-05 9.997E-05 0.9996 9.997E-05
9.99731E-05 9.99731E-05 0.177682 0.822018 9.99731E-05
0.0462281 0.953472 9.9973E-05 9.9973E-05 9.9973E-05
0.00867904 0.0430825 0.21969 0.501598 0.22695
0.0214874 9.99821E-05 0.975051 9.99821E-05 0.00326178
0.00679971 9.9982E-05 9.9982E-05 0.898377 0.0946233
9.99731E-05 9.99731E-05 0.0846253 9.99731E-05 0.915075
0.0642617 0.920734 9.9982E-05 0.0148043 9.9982E-05
0.252307 0.00148725 9.9991E-05 0.433464 0.312642
0.9996 9.997E-05 9.997E-05 9.997E-05 9.997E-05
9.997E-05 9.997E-05 9.997E-05 9.997E-05 0.9996
0.00588573 0.0678528 9.9991E-05 0.020461 0.9057
0.344046 0.143791 9.9982E-05 9.9982E-05 0.511963
9.9982E-05 9.9982E-05 0.0999415 0.0774251 0.822433
0.0232386 0.527396 0.130628 0.0632585 0.255479
0.0754518 9.9973E-05 0.924248 9.9973E-05 9.9973E-05
9.9973E-05 9.9973E-05 9.9973E-05 0.607393 0.392307
0.076825 0.530881 0.392094 9.9982E-05 9.9982E-05
0.609854 9.9991E-05 0.162648 0.125137 0.102261
9.99732E-05 0.969338 9.99732E-05 9.99732E-05 0.0303622
0.76785 0.20227 9.99821E-05 9.99821E-05 0.0296803
9.99731E-05 9.99731E-05 0.938363 0.0613371 9.99731E-05
9.997E-05 9.997E-05 0.9996 9.997E-05 9.997E-05
9.9973E-05 9.9973E-05 0.368204 0.631496 9.9973E-05
0.944056 9.9982E-05 0.041663 0.0140812 9.9982E-05
0.243702 0.673728 0.0823702 9.9982E-05 9.9982E-05
0.0230189 9.9973E-05 9.9973E-05 9.9973E-05 0.976681
0.778738 9.9973E-05 9.9973E-05 9.9973E-05 0.220962
0.893052 9.9982E-05 0.0913199 9.9982E-05 0.0154277
0.0635898 0.160498 0.347928 0.40238 0.0256037
0.763442 0.183654 9.9982E-05 0.0527033 9.9982E-05
0.828647 0.171053 9.9973E-05 9.9973E-05 9.9973E-05
0.113743 0.885957 9.9973E-05 9.9973E-05 9.9973E-05
9.99731E-05 9.99731E-05 9.99731E-05 0.0383543 0.961346
9.997E-05 9.997E-05 0.9996 9.997E-05 9.997E-05
9.99731E-05 9.99731E-05 9.99731E-05 0.727201 0.272499
9.99731E-05 0.999199 9.99731E-05 9.99731E-05 0.000501324
0.109875 9.9973E-05 9.9973E-05 9.9973E-05 0.889825
0.801943 9.99731E-05 9.99731E-05 9.99731E-05 0.197757
9.99821E-05 0.102381 9.99821E-05 0.504254 0.393164
0.219963 9.9982E-05 0.0360602 9.9982E-05 0.743776
