9.9982E-05 0.206015 9.9982E-05 0.657197 0.136588
9.9973E-05 9.9973E-05 9.9973E-05 0.978947 0.0207529
9.9973E-05 0.63456 9.9973E-05 0.36514 9.9973E-05
0.304942 0.0779447 0.057281 0.559733 9.9991E-05
9.9973E-05 9.9973E-05 0.960413 0.039287 9.9973E-05
0.901538 0.0830939 9.9982E-05 0.0151685 9.9982E-05
0.0111804 0.595724 0.289935 0.0230964 0.0800644
9.99731E-05 0.0534235 9.99731E-05 0.946277 9.99731E-05
0.551421 9.99731E-05 9.99731E-05 9.99731E-05 0.448279
9.997E-05 9.997E-05 0.9996 9.997E-05 9.997E-05
9.99731E-05 0.375076 0.624624 9.99731E-05 9.99731E-05
0.158875 9.9973E-05 9.9973E-05 0.840825 9.9973E-05
0.0586207 0.0989435 0.603926 0.059156 0.179354
0.00845201 0.801783 0.0938526 0.0958126 9.9991E-05
9.9973E-05 9.9973E-05 0.903335 9.9973E-05 0.0963649
9.99731E-05 0.123127 9.99731E-05 9.99731E-05 0.876573
0.105045 9.9982E-05 0.0172761 0.877479 9.9982E-05
0.302083 0.0838012 0.331553 9.9991E-05 0.282463
0.951217 9.9973E-05 9.9973E-05 0.0484828 9.9973E-05
9.997E-05 9.997E-05 9.997E-05 9.997E-05 0.9996
0.0789866 9.9991E-05 0.0911343 0.0832291 0.74655
0.379564 9.9991E-05 0.00167214 0.12637 0.492294
9.9973E-05 9.9973E-05 0.17157 9.9973E-05 0.82813
0.145714 0.230304 0.0729472 0.409316 0.141719
0.0591326 0.940568 9.9973E-05 9.9973E-05 9.9973E-05
9.9973E-05 9.9973E-05 0.573036 9.9973E-05 0.426665
0.042968 0.325434 9.99821E-05 0.631398 9.99821E-05
0.62516 0.129407 0.219354 9.9991E-05 0.0259786
9.99732E-05 9.99732E-05 9.99732E-05 0.9446 0.0550998
0.724271 9.99821E-05 0.00143091 0.274098 9.99821E-05
9.997E-05 0.9996 9.997E-05 9.997E-05 9.997E-05
9.997E-05 0.9996 9.997E-05 9.997E-05 9.997E-05
9.9973E-05 0.29874 0.700961 9.9973E-05 9.9973E-05
0.912548 0.0871523 9.99731E-05 9.99731E-05 9.99731E-05
0.193222 0.0614848 9.9982E-05 0.745093 9.9982E-05
0.0356842 9.9973E-05 9.9973E-05 9.9973E-05 0.964016
0.820438 9.9973E-05 9.9973E-05 9.9973E-05 0.179262
0.860513 0.0761045 9.9982E-05 9.9982E-05 0.0631827
0.165137 0.422047 0.393448 0.019267 9.9991E-05
0.873357 9.99821E-05 0.0427747 0.0836686 9.99821E-05
0.791055 9.9973E-05 9.9973E-05 0.208645 9.9973E-05
0.151968 9.9973E-05 9.9973E-05 0.847732 9.9973E-05
9.99731E-05 9.99731E-05 0.103916 9.99731E-05 0.895784
0.00386055 0.99584 9.9973E-05 9.9973E-05 9.9973E-05
9.99731E-05 9.99731E-05 0.726321 9.99731E-05 0.273379
9.99731E-05 9.99731E-05 9.99731E-05 0.962616 0.0370843
0.122863 9.9973E-05 9.9973E-05 9.9973E-05 0.876837
0.906652 9.99731E-05 9.99731E-05 9.99731E-05 0.0930477
9.9982E-05 9.9982E-05 0.481347 0.125152 0.393301
0.317409 0.00488706 0.114395 9.9991E-05 0.563209
