0.729631 9.9982E-05 9.9982E-05 0.202217 0.067952
0.90297 0.0551206 0.0156451 9.9991E-05 0.0261643
0.49561 9.99731E-05 9.99731E-05 0.504091 9.99731E-05
9.997E-05 0.9996 9.997E-05 9.997E-05 9.997E-05
9.9982E-05 0.0884936 9.9982E-05 0.501648 0.409659
0.0849994 9.9982E-05 0.855385 0.0594153 9.9982E-05
9.9991E-05 0.0896122 0.0543612 0.792216 0.0637106
0.957844 9.99731E-05 9.99731E-05 0.0418557 9.99731E-05
9.997E-05 9.997E-05 0.809701 9.997E-05 0.189999
9.997E-05 9.997E-05 9.997E-05 0.7278 0.2719
9.997E-05 9.997E-05 9.997E-05 0.9996 9.997E-05
0.892056 9.9973E-05 0.107644 9.9973E-05 9.9973E-05
0.0961465 9.998E-05 9.998E-05 0.391855 0.511798
9.99731E-05 0.292604 9.99731E-05 0.707096 9.99731E-05
9.997E-05 9.997E-05 9.997E-05 0.474812 0.524888
0.00966197 9.99821E-05 0.158628 9.99821E-05 0.83151
0.643926 0.26533 0.0905436 9.9982E-05 9.9982E-05
9.9982E-05 9.9982E-05 0.344806 0.293624 0.36137
0.109781 9.9973E-05 0.889919 9.9973E-05 9.9973E-05
9.99821E-05 0.025603 0.117217 9.99821E-05 0.85698
0.0145675 9.9982E-05 0.259988 9.9982E-05 0.725244
0.0643645 0.0121759 0.602716 9.9991E-05 0.320644
0.00381938 9.9991E-05 0.110369 0.00486354 0.880848
9.9982E-05 0.76828 9.9982E-05 0.0339419 0.197578
9.99731E-05 0.304645 9.99731E-05 0.695056 9.99731E-05
9.9973E-05 9.9973E-05 9.9973E-05 0.216687 0.783013
9.997E-05 0.9996 9.997E-05 9.997E-05 9.997E-05
9.999E-05 0.280766 0.429799 0.0743911 0.214944
0.9996 9.997E-05 9.997E-05 9.997E-05 9.997E-05
0.197468 0.224071 0.578262 9.99821E-05 9.99821E-05
0.0367189 9.997E-05 9.997E-05 0.962981 9.997E-05
9.997E-05 0.0205133 9.997E-05 0.979187 9.997E-05
9.9973E-05 9.9973E-05 9.9973E-05 0.911933 0.0877667
9.99731E-05 9.99731E-05 0.941511 0.0581892 9.99731E-05
0.0476127 0.952087 9.9973E-05 9.9973E-05 9.9973E-05
0.0298345 9.9982E-05 0.245659 9.9982E-05 0.724306
0.0308034 9.998E-05 0.872863 9.998E-05 0.0961332
9.9982E-05 0.0187401 0.931848 0.0492124 9.9982E-05
0.0627252 9.9991E-05 0.152121 0.76506 0.0199939
9.99731E-05 0.230001 0.769699 9.99731E-05 9.99731E-05
0.233119 0.050626 0.716055 9.9982E-05 9.9982E-05
0.811549 0.0254062 0.162845 9.9982E-05 9.9982E-05
9.99731E-05 9.99731E-05 0.0512774 9.99731E-05 0.948423
0.120634 9.9973E-05 9.9973E-05 0.879066 9.9973E-05
9.99731E-05 9.99731E-05 9.99731E-05 0.181924 0.817776
0.862624 0.137077 9.99731E-05 9.99731E-05 9.99731E-05
9.9973E-05 9.9973E-05 0.490974 9.9973E-05 0.508726
9.99731E-05 9.99731E-05 0.979631 9.99731E-05 0.0200696
9.99821E-05 0.141062 9.99821E-05 0.0900983 0.76864
9.997E-05 9.997E-05 0.476257 9.997E-05 0.523443
