0.635664 9.9982E-05 0.267562 9.9982E-05 0.0965744
0.95679 9.9973E-05 9.9973E-05 9.9973E-05 0.0429102
0.369521 9.9982E-05 0.577802 9.9982E-05 0.0524767
0.554597 0.284104 0.161099 9.9982E-05 9.9982E-05
0.0366154 9.9973E-05 9.9973E-05 0.963085 9.9973E-05
0.00212667 0.919441 0.051002 0.0273306 9.9991E-05
0.00801045 0.0187184 0.728095 0.140657 0.104519
0.933793 9.99731E-05 0.065907 9.99731E-05 9.99731E-05
9.99731E-05 0.528905 9.99731E-05 9.99731E-05 0.470795
9.997E-05 9.997E-05 9.997E-05 0.9996 9.997E-05
9.99731E-05 9.99731E-05 0.28953 0.71017 9.99731E-05
0.953436 0.0462646 9.99731E-05 9.99731E-05 9.99731E-05
9.9991E-05 0.0454978 0.176174 0.541594 0.236634
0.0443614 0.0236255 0.832401 0.099512 9.9991E-05
9.9982E-05 0.0412514 9.9982E-05 0.884623 0.0739254
9.99731E-05 9.99731E-05 0.0716442 9.99731E-05 0.928056
0.958106 0.0415939 9.9973E-05 9.9973E-05 9.9973E-05
9.999E-05 0.249033 0.0755383 0.350867 0.324462
0.000451226 0.999249 9.9973E-05 9.9973E-05 9.9973E-05
9.99731E-05 0.0199472 9.99731E-05 9.99731E-05 0.979753
0.0769053 0.0460588 9.9991E-05 0.103306 0.77363
0.131072 0.369323 9.9982E-05 9.9982E-05 0.499405
9.9982E-05 9.9982E-05 0.0240027 0.189239 0.786558
0.527655 0.0468976 0.162048 0.0837127 0.179687
9.9982E-05 0.00354372 0.981111 9.9982E-05 0.0151455
9.9973E-05 9.9973E-05 9.9973E-05 0.714608 0.285092
0.580449 0.0381046 0.381247 9.99821E-05 9.99821E-05
9.99821E-05 0.647862 0.131494 0.220444 9.99821E-05
0.978653 9.99732E-05 9.99732E-05 9.99732E-05 0.0210476
0.248449 0.751251 9.99731E-05 9.99731E-05 9.99731E-05
9.99731E-05 9.99731E-05 0.978994 0.0207062 9.99731E-05
9.997E-05 9.997E-05 0.9996 9.997E-05 9.997E-05
9.9973E-05 9.9973E-05 0.243226 0.756474 9.9973E-05
9.9982E-05 0.877829 0.0631328 9.9982E-05 0.0588383
0.832282 0.128505 0.0390136 9.9982E-05 9.9982E-05
9.9973E-05 0.0603152 9.9973E-05 9.9973E-05 0.939385
9.9973E-05 0.839356 9.9973E-05 9.9973E-05 0.160344
9.9982E-05 0.897304 0.053936 9.9982E-05 0.0485598
0.0349717 0.0993558 0.57724 0.188342 0.10009
0.0724317 0.927268 9.99731E-05 9.99731E-05 9.99731E-05
0.288346 0.711354 9.9973E-05 9.9973E-05 9.9973E-05
0.88 0.1197 9.9973E-05 9.9973E-05 9.9973E-05
9.99731E-05 9.99731E-05 9.99731E-05 0.123755 0.875945
9.997E-05 9.997E-05 0.9996 9.997E-05 9.997E-05
9.99731E-05 9.99731E-05 9.99731E-05 0.677481 0.32222
0.960065 9.99731E-05 9.99731E-05 9.99731E-05 0.0396348
9.9973E-05 0.158938 9.9973E-05 9.9973E-05 0.840762
9.99731E-05 0.773459 9.99731E-05 9.99731E-05 0.226241
0.128033 9.99821E-05 9.99821E-05 0.459287 0.412479
9.9982E-05 0.263222 9.9982E-05 0.0859721 0.650606
