0.641703 9.9982E-05 0.143094 0.215003 9.9982E-05
0.945942 9.9973E-05 0.0537578 9.9973E-05 9.9973E-05
0.406288 9.9982E-05 0.0543995 0.539112 9.9982E-05
0.482766 0.306802 9.99821E-05 0.210232 9.99821E-05
9.9973E-05 9.9973E-05 9.9973E-05 0.15106 0.84864
9.998E-05 0.900909 0.00418636 0.0947042 9.998E-05
9.9982E-05 0.0309053 0.138661 0.830234 9.9982E-05
0.910609 9.9982E-05 0.0311149 0.0580765 9.9982E-05
9.99731E-05 0.508199 0.491501 9.99731E-05 9.99731E-05
9.9973E-05 9.9973E-05 9.9973E-05 0.196905 0.802795
9.99731E-05 9.99731E-05 9.99731E-05 0.70044 0.29926
0.882164 0.117536 9.9973E-05 9.9973E-05 9.9973E-05
9.9991E-05 0.0804093 0.04715 0.241337 0.631003
0.0266519 0.0485941 9.99821E-05 0.924554 9.99821E-05
9.997E-05 9.997E-05 9.997E-05 9.997E-05 0.9996
9.99731E-05 9.99731E-05 0.857569 0.142132 9.99731E-05
0.864121 0.135579 9.9973E-05 9.9973E-05 9.9973E-05
9.999E-05 0.214458 0.320304 0.116554 0.348583
9.997E-05 0.9996 9.997E-05 9.997E-05 9.997E-05
9.997E-05 9.997E-05 0.983634 9.997E-05 0.0160662
0.0372189 9.9982E-05 0.924121 9.9982E-05 0.0384598
0.0512231 0.51326 0.426669 9.9991E-05 0.00874787
9.998E-05 9.998E-05 0.726023 0.0610599 0.212717
0.427654 0.158617 0.212656 0.200972 9.9991E-05
9.99731E-05 0.123021 9.99731E-05 0.876679 9.99731E-05
9.9973E-05 9.9973E-05 0.0956653 9.9973E-05 0.904035
0.604831 0.0778702 9.998E-05 0.317099 9.998E-05
9.9991E-05 0.572642 0.0549497 0.187114 0.185195
0.970709 9.99732E-05 0.0289911 9.99732E-05 9.99732E-05
0.216062 0.701577 9.9991E-05 0.0431828 0.0390784
9.997E-05 9.997E-05 9.997E-05 0.9996 9.997E-05
9.997E-05 9.997E-05 9.997E-05 0.9996 9.997E-05
9.997E-05 9.997E-05 9.997E-05 0.573887 0.425814
9.9982E-05 0.896183 0.0465943 0.0570225 9.9982E-05
0.713548 0.177793 9.9982E-05 0.108459 9.9982E-05
9.997E-05 9.997E-05 0.9996 9.997E-05 9.997E-05
9.9973E-05 0.787148 0.212552 9.9973E-05 9.9973E-05
0.0045311 0.886376 0.0684549 0.0405377 9.9991E-05
0.00257543 0.146183 0.0649341 0.656866 0.129441
0.0547955 0.894185 9.99821E-05 9.99821E-05 0.05082
0.18826 0.81144 9.9973E-05 9.9973E-05 9.9973E-05
0.847911 0.151789 9.9973E-05 9.9973E-05 9.9973E-05
9.997E-05 9.997E-05 0.702361 9.997E-05 0.297339
0.0019332 9.997E-05 9.997E-05 0.997767 9.997E-05
9.99731E-05 9.99731E-05 0.00661456 9.99731E-05 0.993086
0.990016 9.99731E-05 0.00968414 9.99731E-05 9.99731E-05
9.9973E-05 0.162957 0.836743 9.9973E-05 9.9973E-05
9.99731E-05 0.864657 0.135043 9.99731E-05 9.99731E-05
0.110526 9.99821E-05 0.121407 9.99821E-05 0.767867
9.99731E-05 0.202523 0.797177 9.99731E-05 9.99731E-05
