0.581471 0.277218 0.141111 9.9982E-05 9.9982E-05
0.888229 9.9973E-05 0.111471 9.9973E-05 9.9973E-05
0.385218 0.573145 0.0414373 9.9982E-05 9.9982E-05
0.580693 0.159943 9.99821E-05 9.99821E-05 0.259164
0.0589514 9.9973E-05 9.9973E-05 0.940749 9.9973E-05
9.9982E-05 0.0954182 0.0089023 9.9982E-05 0.89548
9.9991E-05 0.615181 0.0287255 0.322217 0.0337767
0.898634 0.0801839 0.0209816 9.9982E-05 9.9982E-05
9.99731E-05 9.99731E-05 0.357104 9.99731E-05 0.642596
9.997E-05 9.997E-05 9.997E-05 0.9996 9.997E-05
9.99731E-05 0.308213 9.99731E-05 0.691487 9.99731E-05
0.896463 9.9973E-05 9.9973E-05 9.9973E-05 0.103237
0.0439426 0.0876172 0.144668 0.615933 0.107839
0.0334046 0.814619 9.9991E-05 0.103861 0.048016
9.9973E-05 9.9973E-05 0.131933 0.867767 9.9973E-05
9.99731E-05 0.0852479 0.914452 9.99731E-05 9.99731E-05
0.901348 9.9982E-05 9.9982E-05 0.0403447 0.0581071
9.999E-05 0.026894 0.212486 0.436039 0.32448
0.0843006 9.9973E-05 9.9973E-05 9.9973E-05 0.915399
9.997E-05 9.997E-05 0.9996 9.997E-05 9.997E-05
0.0711633 9.9991E-05 0.760856 0.0256487 0.142232
0.0519322 9.9991E-05 0.331507 0.0945394 0.521921
9.9982E-05 0.0615052 0.852155 0.0861396 9.9982E-05
0.419882 0.291685 0.139752 0.0356566 0.113024
9.9973E-05 0.935721 9.9973E-05 9.9973E-05 0.0639792
9.9973E-05 9.9973E-05 0.464317 0.535383 9.9973E-05
0.65344 0.289223 9.99821E-05 9.99821E-05 0.0571366
9.9991E-05 0.166335 0.0415422 0.175621 0.616402
0.969447 9.99732E-05 0.0302532 9.99732E-05 9.99732E-05
0.342292 9.99821E-05 9.99821E-05 0.0392749 0.618233
9.997E-05 0.9996 9.997E-05 9.997E-05 9.997E-05
9.997E-05 0.9996 9.997E-05 9.997E-05 9.997E-05
9.9973E-05 0.304562 9.9973E-05 0.695138 9.9973E-05
9.9973E-05 0.108171 9.9973E-05 9.9973E-05 0.891529
0.804758 0.0738076 9.9982E-05 9.9982E-05 0.121234
9.9973E-05 9.9973E-05 0.87376 9.9973E-05 0.12594
9.9973E-05 9.9973E-05 0.171005 9.9973E-05 0.828696
0.0341916 0.0740085 9.9991E-05 0.00371459 0.887985
9.99821E-05 0.541187 9.99821E-05 0.30148 0.157133
0.102351 9.99821E-05 9.99821E-05 0.100543 0.796906
0.245338 9.9973E-05 9.9973E-05 9.9973E-05 0.754362
0.948303 9.99731E-05 9.99731E-05 9.99731E-05 0.0513972
9.99731E-05 9.99731E-05 0.961514 0.0381859 9.99731E-05
0.0139647 0.97588 9.9982E-05 9.9982E-05 0.00995569
9.99731E-05 9.99731E-05 0.306519 0.693181 9.99731E-05
0.98923 9.99731E-05 0.0104703 9.99731E-05 9.99731E-05
9.9973E-05 9.9973E-05 0.657858 9.9973E-05 0.341842
9.99731E-05 9.99731E-05 0.109432 9.99731E-05 0.890268
0.104988 9.99821E-05 0.463671 0.431141 9.99821E-05
9.99821E-05 9.99821E-05 0.5824 0.0672182 0.350182
