9.99821E-05 9.99821E-05 0.751976 0.0353713 0.212452
9.997E-05 9.997E-05 0.974533 0.0251672 9.997E-05
9.9982E-05 9.9982E-05 0.433599 0.00971973 0.556482
0.270629 9.99821E-05 0.515188 9.99821E-05 0.213984
0.00992397 0.963478 0.0263983 9.9982E-05 9.9982E-05
0.892672 9.9982E-05 0.015947 9.9982E-05 0.0911815
0.0181216 0.121433 9.9991E-05 0.123917 0.736428
9.99731E-05 9.99731E-05 0.902533 9.99731E-05 0.0971673
0.543485 9.99731E-05 9.99731E-05 0.456215 9.99731E-05
9.9973E-05 0.92638 9.9973E-05 9.9973E-05 0.0733197
9.99731E-05 0.524994 9.99731E-05 9.99731E-05 0.474706
0.0922389 9.9973E-05 0.907461 9.9973E-05 9.9973E-05
0.0818741 0.45605 9.9991E-05 0.229779 0.232197
0.0979821 0.0530046 9.99821E-05 9.99821E-05 0.848813
9.99731E-05 0.967996 9.99731E-05 0.0317041 9.99731E-05
9.99731E-05 9.99731E-05 9.99731E-05 0.952574 0.0471261
0.208383 9.9973E-05 0.791318 9.9973E-05 9.9973E-05
0.11239 0.127456 9.9991E-05 0.527143 0.232912
0.949313 9.9973E-05 0.050387 9.9973E-05 9.9973E-05
9.99731E-05 9.99731E-05 0.0106884 0.989012 9.99731E-05
0.128924 0.0360684 9.99821E-05 0.834808 9.99821E-05
0.425724 9.9991E-05 0.0694784 0.50096 0.00373837
9.99731E-05 0.125366 9.99731E-05 0.874334 9.99731E-05
0.116476 9.9991E-05 0.442977 0.202285 0.238162
0.0651982 9.9973E-05 9.9973E-05 9.9973E-05 0.934502
9.997E-05 0.714163 9.997E-05 0.285537 9.997E-05
0.131388 9.9982E-05 0.545551 9.9982E-05 0.322861
0.650562 0.241679 9.99821E-05 9.99821E-05 0.107559
9.99732E-05 9.99732E-05 0.992587 0.00711329 9.99732E-05
0.698631 9.99731E-05 0.301069 9.99731E-05 9.99731E-05
9.997E-05 9.997E-05 9.997E-05 9.997E-05 0.9996
9.997E-05 9.997E-05 9.997E-05 9.997E-05 0.9996
9.9973E-05 0.586964 9.9973E-05 9.9973E-05 0.412736
0.929143 9.998E-05 9.998E-05 0.0196322 0.0510251
0.216309 9.9982E-05 0.705032 9.9982E-05 0.0784591
0.00192925 9.9982E-05 0.0215654 0.976305 9.9982E-05
0.803087 9.9973E-05 9.9973E-05 0.196613 9.9973E-05
0.925914 9.998E-05 9.998E-05 0.0278335 0.0460523
0.0362967 0.214784 0.0788783 0.0613409 0.6087
0.970073 0.0296271 9.99731E-05 9.99731E-05 9.99731E-05
0.844428 9.9973E-05 0.155272 9.9973E-05 9.9973E-05
0.115963 9.9973E-05 0.883737 9.9973E-05 9.9973E-05
9.99731E-05 0.104463 9.99731E-05 0.895237 9.99731E-05
9.9973E-05 9.9973E-05 0.028663 9.9973E-05 0.971037
9.997E-05 0.896188 9.997E-05 0.103512 9.997E-05
9.99731E-05 9.99731E-05 0.947498 0.0522023 9.99731E-05
0.215935 9.9973E-05 9.9973E-05 0.783765 9.9973E-05
0.859225 9.99731E-05 9.99731E-05 0.140475 9.99731E-05
9.99821E-05 0.508523 0.114879 0.376399 9.99821E-05
0.391614 0.0519285 9.99821E-05 0.556257 9.99821E-05
