0.688394 9.9982E-05 9.9982E-05 0.112562 0.198844
0.927993 9.9973E-05 9.9973E-05 0.0717071 9.9973E-05
0.352992 9.9982E-05 9.9982E-05 0.0366907 0.610118
0.623802 0.0126957 0.211981 9.9991E-05 0.151422
0.0172947 0.982405 9.9973E-05 9.9973E-05 9.9973E-05
9.9973E-05 9.9973E-05 0.88416 9.9973E-05 0.11554
9.9991E-05 0.300711 0.0312275 0.0466634 0.621298
0.98656 9.9991E-05 0.000871955 0.00198592 0.0104819
9.9973E-05 9.9973E-05 0.567146 0.432554 9.9973E-05
9.997E-05 0.9996 9.997E-05 9.997E-05 9.997E-05
9.99731E-05 0.900118 9.99731E-05 9.99731E-05 0.0995817
0.830969 9.9973E-05 0.168731 9.9973E-05 9.9973E-05
9.9991E-05 0.437569 0.0473604 0.340878 0.174092
0.0538591 0.172812 0.0203749 9.9991E-05 0.752854
9.99731E-05 0.757873 9.99731E-05 0.241827 9.99731E-05
9.99731E-05 9.99731E-05 9.99731E-05 0.904805 0.094895
0.862783 0.00413903 0.132878 9.9982E-05 9.9982E-05
9.999E-05 0.32135 0.225095 0.382387 0.0710685
0.0170528 9.997E-05 0.982647 9.997E-05 9.997E-05
9.997E-05 9.997E-05 9.997E-05 0.9996 9.997E-05
0.0916187 9.99821E-05 0.0863007 0.821881 9.99821E-05
0.0437609 0.0325672 0.532261 0.391311 9.9991E-05
9.9973E-05 9.9973E-05 9.9973E-05 0.875921 0.123779
0.421552 0.0248401 0.115032 0.202055 0.236521
9.9973E-05 9.9973E-05 0.0737121 9.9973E-05 0.925988
9.9973E-05 0.542571 9.9973E-05 0.45713 9.9973E-05
0.624499 9.9982E-05 0.0579322 9.9982E-05 0.317369
9.9991E-05 0.243814 0.617607 0.010115 0.128363
0.977038 9.99732E-05 9.99732E-05 0.0226621 9.99732E-05
0.417552 9.99731E-05 0.582148 9.99731E-05 9.99731E-05
9.99731E-05 0.0173238 9.99731E-05 9.99731E-05 0.982376
9.997E-05 9.997E-05 9.997E-05 9.997E-05 0.9996
9.9973E-05 0.710015 9.9973E-05 9.9973E-05 0.289686
9.9973E-05 9.9973E-05 0.911582 9.9973E-05 0.0881181
0.811815 9.9982E-05 0.104314 9.9982E-05 0.0836713
9.9982E-05 9.9982E-05 0.0871052 0.911151 0.00154334
0.00560455 9.9982E-05 0.728815 0.265381 9.9982E-05
9.9982E-05 0.029679 0.928992 9.9982E-05 0.0411294
0.169375 0.453308 0.0686405 9.9991E-05 0.308577
0.0938431 0.046701 0.859256 9.99821E-05 9.99821E-05
0.136905 9.997E-05 0.862795 9.997E-05 9.997E-05
0.836834 9.99731E-05 0.162866 9.99731E-05 9.99731E-05
9.997E-05 9.997E-05 9.997E-05 0.9996 9.997E-05
9.997E-05 9.997E-05 9.997E-05 9.997E-05 0.9996
9.99731E-05 0.685552 9.99731E-05 0.314148 9.99731E-05
0.979819 9.9973E-05 9.9973E-05 0.0198811 9.9973E-05
9.9973E-05 9.9973E-05 0.20972 0.78998 9.9973E-05
9.99731E-05 9.99731E-05 0.837265 0.162435 9.99731E-05
0.0697806 0.465983 9.99821E-05 0.464037 9.99821E-05
9.998E-05 0.0837549 0.33061 0.585435 9.998E-05
