0.0661929 0.649637 0.28417
0.00990466 0.957752 0.032343
9.999E-05 0.490444 0.509456
0.0782346 0.769844 0.151922
0.18899 9.9991E-05 0.81091
0.49804 0.50186 9.9991E-05
0.156636 9.9991E-05 0.843264
9.999E-05 0.917046 0.0828542
0.937704 0.0621956 9.9991E-05
0.0340809 9.9991E-05 0.965819
9.999E-05 9.999E-05 0.9998
9.999E-05 0.9998 9.999E-05
0.341681 9.9991E-05 0.658219
9.9991E-05 0.17166 0.82824
0.356639 9.9991E-05 0.643261
0.882478 9.9991E-05 0.117422
9.9991E-05 0.950203 0.0496966
0.648979 9.9991E-05 0.350921
0.442553 0.557347 9.9991E-05
0.892437 9.9991E-05 0.107463
0.982373 9.9991E-05 0.0175267
0.792792 0.171232 0.0359764
0.762378 9.9991E-05 0.237523
0.168132 0.546797 0.285071
9.9991E-05 0.227429 0.772471
0.497681 9.9991E-05 0.502219
9.9991E-05 0.722245 0.277655
0.490956 0.291306 0.217738
9.99911E-05 0.96199 0.0379099
0.285792 0.714108 9.9991E-05
9.9991E-05 0.00971601 0.990184
9.999E-05 9.999E-05 0.9998
9.999E-05 9.999E-05 0.9998
0.58292 0.41698 9.9991E-05
9.9991E-05 0.966838 0.0330623
0.972561 9.9991E-05 0.0273392
0.690963 0.308937 9.9991E-05
0.621392 0.378508 9.9991E-05
0.140857 0.0997695 0.759373
0.454251 0.545649 9.9991E-05
0.298722 0.701178 9.9991E-05
9.999E-05 0.9998 9.999E-05
0.968638 9.9991E-05 0.0312619
9.9991E-05 0.174969 0.824931
0.457823 9.9991E-05 0.542077
9.9991E-05 0.98527 0.0146298
0.9998 9.999E-05 9.999E-05
0.825324 0.174576 9.9991E-05
0.576094 9.9991E-05 0.423806
0.895613 0.0401354 0.0642516
