0.652581 0.0468145 0.300605
0.934669 9.9991E-05 0.0652306
0.449534 9.9991E-05 0.550366
0.859145 9.9991E-05 0.140755
9.9991E-05 0.20288 0.79702
0.550804 0.449096 9.9991E-05
0.043388 0.133994 0.822618
0.936958 9.9991E-05 0.0629424
0.0528748 0.947025 9.9991E-05
9.9991E-05 0.0801363 0.919764
9.999E-05 9.999E-05 0.9998
0.974004 0.0258965 9.9991E-05
9.9991E-05 0.30535 0.69455
0.139704 9.9991E-05 0.860196
9.9991E-05 0.333146 0.666754
9.9991E-05 0.872726 0.127174
0.9998 9.999E-05 9.999E-05
9.9991E-05 0.604193 0.395707
0.625745 0.374155 9.9991E-05
9.9991E-05 0.939793 0.0601074
9.9991E-05 0.86434 0.13556
0.212183 0.787717 9.9991E-05
9.9991E-05 0.776602 0.223298
0.645556 0.0996618 0.254782
0.195779 9.9991E-05 0.804121
9.9991E-05 0.515124 0.484776
0.750701 9.9991E-05 0.249199
0.320831 0.463515 0.215654
0.993368 9.99911E-05 0.00653192
0.6716 0.3283 9.9991E-05
0.0300236 9.9991E-05 0.969876
9.999E-05 9.999E-05 0.9998
9.999E-05 9.999E-05 0.9998
0.445096 0.554804 9.9991E-05
0.937291 9.9991E-05 0.0626086
9.9991E-05 0.952762 0.0471376
0.387418 0.612482 9.9991E-05
0.393954 0.605946 9.9991E-05
0.128329 0.127348 0.744324
0.516406 0.483494 9.9991E-05
0.748137 0.251763 9.9991E-05
0.9998 9.999E-05 9.999E-05
9.9991E-05 0.92894 0.0709602
0.117277 9.9991E-05 0.882623
9.9991E-05 0.446245 0.553655
0.993286 9.9991E-05 0.00661396
9.999E-05 0.9998 9.999E-05
0.163733 0.836167 9.9991E-05
9.9991E-05 0.52486 0.47504
0.072944 0.862511 0.0645454
