9.9991E-05 0.288134 0.711766
9.999E-05 0.0249893 0.974911
9.999E-05 0.475504 0.524396
9.999E-05 0.121753 0.878147
0.199738 0.800162 9.9991E-05
0.470766 9.9991E-05 0.529134
0.12427 0.868541 0.00718867
9.999E-05 0.0748785 0.925022
0.886385 9.9991E-05 0.113515
0.0509446 0.948955 9.9991E-05
9.999E-05 0.9998 9.999E-05
9.999E-05 9.999E-05 0.9998
0.293687 0.706213 9.9991E-05
9.9991E-05 0.848095 0.151805
0.321843 0.678057 9.9991E-05
0.893678 0.106222 9.9991E-05
9.9991E-05 0.0259996 0.9739
0.620201 0.379699 9.9991E-05
0.404476 9.9991E-05 0.595424
0.969891 0.0300095 9.9991E-05
0.92598 0.0739197 9.9991E-05
0.74393 9.9991E-05 0.25597
0.815477 0.184423 9.9991E-05
0.140445 0.281104 0.578452
9.9991E-05 0.806152 0.193748
0.548986 0.450914 9.9991E-05
9.9991E-05 0.282114 0.717786
0.481206 0.207726 0.311068
9.99911E-05 0.0209586 0.978941
0.27028 9.9991E-05 0.72962
9.9991E-05 0.987668 0.0122323
9.999E-05 0.9998 9.999E-05
9.999E-05 0.9998 9.999E-05
0.541369 9.9991E-05 0.458531
9.9991E-05 0.0561306 0.943769
0.979264 0.0206356 9.9991E-05
0.633186 9.9991E-05 0.366714
0.504087 9.9991E-05 0.495813
0.133718 0.728954 0.137328
0.382308 9.9991E-05 0.617592
0.153677 9.9991E-05 0.846223
9.999E-05 9.999E-05 0.9998
0.966461 0.033439 9.9991E-05
9.9991E-05 0.825959 0.173941
0.449565 0.550335 9.9991E-05
9.9991E-05 0.0485226 0.951377
0.9998 9.999E-05 9.999E-05
0.730733 9.9991E-05 0.269167
0.602323 0.397577 9.9991E-05
0.916301 0.0798822 0.00381697
