9.9991E-05 0.729527 0.270373
9.999E-05 0.985516 0.0143841
9.999E-05 0.447157 0.552743
0.0629795 0.831315 0.105705
0.238486 9.9991E-05 0.761414
0.480236 0.519664 9.9991E-05
0.165913 9.9991E-05 0.833987
9.999E-05 0.91337 0.0865297
0.919964 0.0799363 9.9991E-05
0.0725923 9.9991E-05 0.927308
0.0378023 9.99911E-05 0.962098
9.999E-05 0.9998 9.999E-05
0.420043 9.9991E-05 0.579857
9.9991E-05 0.121957 0.877944
0.361681 9.9991E-05 0.638219
0.857017 9.9991E-05 0.142883
9.9991E-05 0.952179 0.0477214
0.654274 9.9991E-05 0.345626
0.381798 0.618102 9.9991E-05
0.941166 9.9991E-05 0.0587343
0.930222 9.9991E-05 0.0696783
0.749613 0.250287 9.9991E-05
0.747803 9.9991E-05 0.252097
0.158721 0.589962 0.251316
9.9991E-05 0.201031 0.798869
0.497448 9.9991E-05 0.502452
9.9991E-05 0.743053 0.256847
0.447061 0.354423 0.198516
9.999E-05 0.9998 9.999E-05
0.260663 0.739237 9.9991E-05
9.9991E-05 0.00439943 0.995501
9.999E-05 9.999E-05 0.9998
9.999E-05 9.999E-05 0.9998
0.497855 0.502045 9.9991E-05
9.9991E-05 0.957118 0.0427816
0.94349 9.9991E-05 0.0564098
0.625499 0.374401 9.9991E-05
0.543379 0.456521 9.9991E-05
0.0555179 0.187477 0.757005
0.407928 0.591972 9.9991E-05
0.175105 0.824795 9.9991E-05
9.999E-05 0.9998 9.999E-05
0.940234 9.9991E-05 0.0596664
9.9991E-05 0.117304 0.882596
0.481559 9.9991E-05 0.518341
9.9991E-05 0.973256 0.0266442
0.9998 9.999E-05 9.999E-05
0.792584 0.207316 9.9991E-05
0.579056 9.9991E-05 0.420844
0.943628 9.9991E-05 0.0562718
