9.9991E-05 0.691605 0.308295
9.999E-05 0.915413 0.0844865
9.999E-05 0.433838 0.566062
9.999E-05 0.857449 0.142451
0.273023 9.9991E-05 0.726877
0.353878 0.646022 9.9991E-05
0.0991154 0.0102839 0.890601
9.999E-05 0.865962 0.133938
0.831512 0.168388 9.9991E-05
0.122946 9.9991E-05 0.876954
9.999E-05 9.999E-05 0.9998
9.999E-05 0.9998 9.999E-05
0.4844 9.9991E-05 0.5155
9.9991E-05 0.134324 0.865576
0.390608 9.9991E-05 0.609292
0.881244 9.9991E-05 0.118656
9.9991E-05 0.932181 0.0677189
0.69524 0.047106 0.257654
0.288644 0.711256 9.9991E-05
0.994798 9.9991E-05 0.00510216
0.948824 9.9991E-05 0.0510761
0.66461 0.33529 9.9991E-05
0.851457 9.9991E-05 0.148443
0.167395 0.526174 0.306431
9.9991E-05 0.242017 0.757883
0.598734 9.9991E-05 0.401166
9.9991E-05 0.703074 0.296826
0.419689 0.411448 0.168863
9.99911E-05 0.940016 0.0598843
0.167423 0.832477 9.9991E-05
9.9991E-05 0.0102455 0.989654
9.999E-05 9.999E-05 0.9998
9.999E-05 9.999E-05 0.9998
0.468077 0.531823 9.9991E-05
9.9991E-05 0.92566 0.0742397
0.948747 0.0511535 9.9991E-05
0.582944 0.416956 9.9991E-05
0.441049 0.558851 9.9991E-05
0.0624635 0.181108 0.756429
0.36237 0.63753 9.9991E-05
0.0814506 0.918449 9.9991E-05
9.999E-05 0.9998 9.999E-05
0.9998 9.999E-05 9.999E-05
9.9991E-05 0.119271 0.880629
0.546636 9.9991E-05 0.453264
9.9991E-05 0.92329 0.0766096
0.971763 0.0281374 9.9991E-05
0.695568 0.304332 9.9991E-05
0.647834 9.9991E-05 0.352066
0.964106 0.00494549 0.0309481
