0.698793 0.0290896 0.272118
0.97979 9.9991E-05 0.0201102
0.521797 9.9991E-05 0.478103
0.829362 0.0397667 0.130871
9.9991E-05 0.233906 0.765994
0.536315 0.463585 9.9991E-05
0.0200388 0.0997484 0.880213
0.905597 9.9991E-05 0.0943029
0.0780298 0.92187 9.9991E-05
9.9991E-05 0.0905632 0.909337
9.999E-05 9.999E-05 0.9998
0.991892 9.9991E-05 0.00800823
9.9991E-05 0.408909 0.590991
0.175925 9.9991E-05 0.823976
9.9991E-05 0.339774 0.660126
9.9991E-05 0.83629 0.16361
0.991918 9.9991E-05 0.00798187
9.9991E-05 0.562457 0.437443
0.616474 0.383426 9.9991E-05
9.9991E-05 0.982388 0.0175123
9.99951E-05 0.95977 0.0401301
0.169071 0.830829 9.9991E-05
9.9991E-05 0.817047 0.182853
0.5918 0.152606 0.255595
0.228177 9.9991E-05 0.771723
9.9991E-05 0.525035 0.474865
0.751065 9.9991E-05 0.248835
0.272016 0.517256 0.210728
0.983225 9.99911E-05 0.0166754
0.788123 0.211777 9.9991E-05
0.0502187 9.9991E-05 0.949681
9.999E-05 9.999E-05 0.9998
9.999E-05 9.999E-05 0.9998
0.526245 0.473655 9.9991E-05
0.938117 9.9991E-05 0.0617827
9.9991E-05 0.963082 0.0368181
0.340555 0.659345 9.9991E-05
0.452121 0.547779 9.9991E-05
0.207489 0.0672636 0.725247
0.515405 0.484495 9.9991E-05
0.813444 0.186456 9.9991E-05
0.9998 9.999E-05 9.999E-05
9.999E-05 0.9998 9.999E-05
0.15573 9.9991E-05 0.84417
9.9991E-05 0.441842 0.558058
0.983067 9.9991E-05 0.0168333
9.999E-05 0.9998 9.999E-05
0.270837 0.729063 9.9991E-05
0.0272849 0.559567 0.413148
0.0726466 0.886794 0.0405589
