9.9991E-05 0.267154 0.732746
0.0298372 0.0297844 0.940378
9.999E-05 0.524417 0.475483
0.00495977 0.153725 0.841315
0.179573 0.820327 9.9991E-05
0.470813 9.9991E-05 0.529087
0.0943794 0.891931 0.01369
9.999E-05 0.0664869 0.933413
0.827526 9.9991E-05 0.172374
0.011744 0.988156 9.9991E-05
0.000805097 0.999095 9.99911E-05
9.999E-05 9.999E-05 0.9998
0.366368 0.633532 9.9991E-05
9.9991E-05 0.871594 0.128306
0.371522 0.628378 9.9991E-05
0.903739 0.0961614 9.9991E-05
9.9991E-05 0.0194131 0.980487
0.63451 0.36539 9.9991E-05
0.399211 9.9991E-05 0.600689
0.987987 0.0119127 9.9991E-05
0.896477 0.0510107 0.0525125
0.740639 9.9991E-05 0.259261
0.821968 0.177932 9.9991E-05
0.164725 0.27351 0.561765
9.9991E-05 0.77878 0.22112
0.501921 0.497979 9.9991E-05
9.9991E-05 0.261785 0.738116
0.463317 0.194333 0.342349
9.999E-05 9.999E-05 0.9998
0.310306 9.9991E-05 0.689594
9.999E-05 0.9998 9.999E-05
9.999E-05 0.9998 9.999E-05
9.999E-05 0.9998 9.999E-05
0.551163 9.9991E-05 0.448737
9.9991E-05 0.113926 0.885974
0.982203 0.0176968 9.9991E-05
0.636718 9.9991E-05 0.363182
0.561538 9.9991E-05 0.438362
0.0870181 0.701464 0.211518
0.431985 9.9991E-05 0.567915
0.146655 9.9991E-05 0.853245
9.999E-05 9.999E-05 0.9998
0.962144 0.037756 9.9991E-05
9.9991E-05 0.829804 0.170096
0.453194 0.546706 9.9991E-05
9.999E-05 9.999E-05 0.9998
0.9998 9.999E-05 9.999E-05
0.76759 9.9991E-05 0.23231
0.544611 0.455289 9.9991E-05
0.850307 0.0541556 0.0955377
