0.336551 9.9991E-05 0.663349
0.0384988 9.9991E-05 0.961401
0.56601 9.9991E-05 0.43389
0.186017 0.0305194 0.783463
0.803258 0.196642 9.9991E-05
9.999E-05 0.383862 0.616038
0.845744 0.127463 0.026793
0.076842 9.9991E-05 0.923058
9.9991E-05 0.853837 0.146063
0.970481 0.029419 9.9991E-05
0.964018 0.0358817 9.9991E-05
0.0317852 9.9991E-05 0.968115
0.633203 0.366697 9.9991E-05
0.817027 9.9991E-05 0.182873
0.618262 0.381638 9.9991E-05
0.0936248 0.906275 9.9991E-05
0.0127127 9.9991E-05 0.987187
0.399472 0.596241 0.00428661
9.9991E-05 0.324267 0.675633
0.0767307 0.923169 9.9991E-05
0.0342698 0.96563 9.9991E-05
9.9991E-05 0.69336 0.30654
0.184835 0.815065 9.9991E-05
0.284807 0.147415 0.567778
0.827344 9.9991E-05 0.172556
0.509634 0.490266 9.9991E-05
0.226543 9.9991E-05 0.773357
0.185332 0.458043 0.356625
0.0128493 9.99911E-05 0.987051
9.9991E-05 0.316362 0.683538
0.9998 9.999E-05 9.999E-05
0.9998 9.999E-05 9.999E-05
0.9998 9.999E-05 9.999E-05
9.9991E-05 0.512311 0.487589
0.0543946 9.9991E-05 0.945505
0.00330424 0.996596 9.9991E-05
9.9991E-05 0.625515 0.374385
9.9991E-05 0.473488 0.526412
0.742428 0.0882709 0.169302
9.9991E-05 0.405234 0.594666
9.9991E-05 0.132177 0.867723
9.999E-05 9.999E-05 0.9998
0.00917435 0.990726 9.9991E-05
0.857914 9.9991E-05 0.141986
0.55001 0.44989 9.9991E-05
0.0848003 9.9991E-05 0.9151
9.999E-05 0.9998 9.999E-05
9.9991E-05 0.771572 0.228328
0.409234 0.590666 9.9991E-05
0.0477724 0.895244 0.0569836
