0.250506 9.9991E-05 0.749394
9.999E-05 9.999E-05 0.9998
0.541563 9.9991E-05 0.458337
0.157664 0.0153236 0.827012
0.820317 0.179583 9.9991E-05
9.999E-05 0.574194 0.425706
0.873356 0.0747595 0.0518842
0.0821035 9.9991E-05 0.917797
9.9991E-05 0.98279 0.0171102
0.936633 0.0632671 9.9991E-05
0.9998 9.999E-05 9.999E-05
9.9991E-05 0.0224926 0.977407
0.655783 0.344117 9.99975E-05
0.770844 9.9991E-05 0.229056
0.656119 0.343781 9.9991E-05
0.16865 0.83125 9.9991E-05
0.0325941 9.9991E-05 0.967306
0.400572 0.599328 9.9991E-05
9.9991E-05 0.479761 0.520139
0.118176 0.881724 9.9991E-05
0.0763146 0.923585 9.9991E-05
9.9991E-05 0.746667 0.253233
0.27947 0.72043 9.9991E-05
0.215413 0.151252 0.633335
0.741689 9.9991E-05 0.258211
0.580669 0.419231 9.9991E-05
0.242131 9.9991E-05 0.757769
0.22827 0.454908 0.316822
9.999E-05 9.999E-05 0.9998
9.9991E-05 0.313773 0.686127
0.958973 9.9991E-05 0.040927
0.9998 9.999E-05 9.999E-05
0.9998 9.999E-05 9.999E-05
9.9991E-05 0.567198 0.432702
0.0347839 9.9991E-05 0.965116
0.0130259 0.986874 9.9991E-05
9.9991E-05 0.721281 0.278619
9.9991E-05 0.550864 0.449036
0.693545 0.108887 0.197568
9.9991E-05 0.498488 0.501412
9.9991E-05 0.242644 0.757256
9.999E-05 9.999E-05 0.9998
0.0278065 0.972094 9.9991E-05
0.856776 9.9991E-05 0.143124
0.54708 0.45282 9.9991E-05
9.999E-05 9.999E-05 0.9998
9.999E-05 0.9998 9.999E-05
9.9991E-05 0.842914 0.156986
0.473041 0.526859 9.9991E-05
0.15877 0.84113 9.9991E-05
