0.306362 0.693538 9.9991E-05
0.0366407 0.963259 9.9991E-05
0.488764 0.511136 9.9991E-05
0.139798 0.82556 0.0346421
0.768222 9.9991E-05 0.231678
9.999E-05 0.518472 0.481428
0.8095 0.0575709 0.132929
0.0969244 0.902976 9.9991E-05
9.9991E-05 0.127482 0.872418
0.929793 9.9991E-05 0.0701069
0.9998 9.999E-05 9.999E-05
9.999E-05 0.9998 9.999E-05
0.596762 9.9991E-05 0.403138
0.86384 0.13606 9.9991E-05
0.598154 9.9991E-05 0.401746
0.123308 9.9991E-05 0.876592
0.0386672 0.961233 9.9991E-05
0.333694 9.9991E-05 0.666206
9.9991E-05 0.625396 0.374504
0.0439855 9.9991E-05 0.955914
0.0276326 0.0554497 0.916918
9.9991E-05 0.319886 0.680014
0.180629 9.9991E-05 0.819271
0.297605 0.551959 0.150436
0.804975 0.194925 9.9991E-05
0.50853 9.9991E-05 0.49137
0.31992 0.67998 9.9991E-05
0.21401 0.331896 0.454094
0.0320025 0.967897 9.99911E-05
9.9991E-05 0.739089 0.260811
0.975914 0.0239864 9.9991E-05
0.9998 9.999E-05 9.999E-05
0.994551 9.9991E-05 0.00534917
9.9991E-05 0.462633 0.537267
0.0749375 0.924962 9.9991E-05
0.0278348 0.0183139 0.953851
9.9991E-05 0.325873 0.674027
9.9991E-05 0.46661 0.53329
0.79385 0.106678 0.0994714
9.9991E-05 0.604764 0.395136
9.9991E-05 0.827305 0.172595
9.999E-05 0.9998 9.999E-05
0.0419182 9.9991E-05 0.957982
0.884498 0.115402 9.9991E-05
0.550682 9.9991E-05 0.449218
0.0150753 0.984825 9.9991E-05
9.999E-05 9.999E-05 0.9998
9.9991E-05 0.25785 0.74205
0.469827 9.9991E-05 0.530073
0.0621957 9.9991E-05 0.937704
