0.711669 9.9991E-05 0.288231
0.9998 9.999E-05 9.999E-05
0.531057 9.9991E-05 0.468843
0.797837 0.030348 0.171815
9.9991E-05 0.126233 0.873667
0.47921 0.52069 9.9991E-05
0.0515414 0.078313 0.870146
0.981906 9.9991E-05 0.0179936
0.0645489 0.935351 9.9991E-05
9.999E-05 9.999E-05 0.9998
9.999E-05 9.999E-05 0.9998
0.991037 0.00886322 9.9991E-05
9.9991E-05 0.384822 0.615078
0.177935 9.9991E-05 0.821965
9.9991E-05 0.341439 0.658461
9.9991E-05 0.791222 0.208678
0.980224 9.9991E-05 0.0196755
0.0359786 0.563329 0.400693
0.478716 0.521184 9.9991E-05
9.9991E-05 0.915355 0.0845453
9.9991E-05 0.880112 0.119788
0.230616 0.769284 9.9991E-05
9.9991E-05 0.687849 0.312051
0.616758 0.149704 0.233538
0.218505 9.9991E-05 0.781395
9.9991E-05 0.468705 0.531195
0.752443 9.9991E-05 0.247457
0.220244 0.549043 0.230713
0.997325 9.99911E-05 0.002575
0.606258 0.393642 9.9991E-05
0.0773425 9.9991E-05 0.922558
9.999E-05 9.999E-05 0.9998
9.999E-05 9.999E-05 0.9998
0.36477 0.63513 9.9991E-05
0.931942 9.9991E-05 0.0679583
9.9991E-05 0.908833 0.091067
0.246392 0.753508 9.9991E-05
0.424477 0.575423 9.9991E-05
0.18938 0.101705 0.708914
0.463084 0.536816 9.9991E-05
0.689416 0.310484 9.9991E-05
0.9998 9.999E-05 9.999E-05
9.9991E-05 0.910129 0.0897714
0.213918 9.9991E-05 0.785982
9.9991E-05 0.371157 0.628744
0.9998 9.999E-05 9.999E-05
9.999E-05 0.9998 9.999E-05
0.206048 0.793852 9.9991E-05
9.9991E-05 0.536129 0.463771
9.9991E-05 0.852831 0.147069
