0.290778 0.679666 0.0295566
9.999E-05 0.9998 9.999E-05
0.516861 0.483039 9.9991E-05
0.183217 0.816683 9.9991E-05
0.856764 9.9991E-05 0.143136
9.999E-05 0.549728 0.450172
0.858797 9.9991E-05 0.141103
0.0911262 0.908774 9.9991E-05
9.9991E-05 0.080293 0.919607
0.941698 9.9991E-05 0.0582016
0.979535 9.99911E-05 0.0203652
9.999E-05 0.9998 9.999E-05
0.686456 9.9991E-05 0.313444
0.847434 0.152466 9.9991E-05
0.642952 9.9991E-05 0.356948
0.175431 9.9991E-05 0.824469
0.0746063 0.925294 9.9991E-05
0.382144 9.9991E-05 0.617756
9.9991E-05 0.65065 0.34925
0.0325088 9.9991E-05 0.967391
0.0953715 0.0296813 0.874947
9.9991E-05 0.277711 0.722189
0.212529 9.9991E-05 0.787371
0.298829 0.572454 0.128717
0.797457 0.202443 9.9991E-05
0.531692 9.9991E-05 0.468208
0.247005 0.752895 9.9991E-05
0.215054 0.288854 0.496092
9.999E-05 0.9998 9.999E-05
9.9991E-05 0.68707 0.31283
0.941872 0.0580283 9.9991E-05
0.9998 9.999E-05 9.999E-05
0.9998 9.999E-05 9.999E-05
9.9991E-05 0.487043 0.512857
0.0609336 0.938966 9.9991E-05
0.0528786 9.9991E-05 0.947021
9.9991E-05 0.303964 0.695936
9.9991E-05 0.454762 0.545138
0.755275 0.158591 0.086134
9.9991E-05 0.525941 0.473959
9.9991E-05 0.77152 0.22838
9.999E-05 0.9998 9.999E-05
0.0836518 9.9991E-05 0.916248
0.829489 0.170411 9.9991E-05
0.516041 9.9991E-05 0.483859
9.9991E-05 0.977517 0.0223826
9.999E-05 9.999E-05 0.9998
9.9991E-05 0.150198 0.849702
0.402261 9.9991E-05 0.597639
0.0618027 0.0963368 0.841861
