9.9991E-05 0.32242 0.67748
0.00318844 0.00709654 0.989715
9.999E-05 0.535376 0.464524
9.999E-05 0.144261 0.855639
0.197077 0.802823 9.9991E-05
0.395193 9.9991E-05 0.604707
0.0662509 0.791365 0.142384
9.999E-05 0.0683145 0.931586
0.831107 9.9991E-05 0.168793
0.138773 0.861127 9.9991E-05
9.999E-05 0.9998 9.999E-05
9.999E-05 9.999E-05 0.9998
0.376985 0.622915 9.9991E-05
9.9991E-05 0.929512 0.0703881
0.354219 0.645681 9.9991E-05
0.887788 0.112112 9.9991E-05
9.9991E-05 0.0495358 0.950364
0.64495 0.335022 0.0200278
0.312464 9.9991E-05 0.687436
0.912769 0.0871312 9.9991E-05
0.911457 0.088443 9.9991E-05
0.627217 9.9991E-05 0.372683
0.870154 0.129746 9.9991E-05
0.170118 0.276125 0.553757
9.9991E-05 0.778782 0.221118
0.57017 0.42973 9.9991E-05
9.9991E-05 0.26633 0.73357
0.435793 0.208832 0.355375
9.99911E-05 0.0377073 0.962193
0.180388 9.9991E-05 0.819512
9.999E-05 0.9998 9.999E-05
9.999E-05 0.9998 9.999E-05
9.999E-05 0.9998 9.999E-05
0.428626 9.9991E-05 0.571274
9.9991E-05 0.0193129 0.980587
0.989569 0.0103308 9.9991E-05
0.592717 9.9991E-05 0.407183
0.459326 9.9991E-05 0.540574
0.102449 0.723216 0.174335
0.391064 9.9991E-05 0.608836
0.14369 9.9991E-05 0.85621
9.999E-05 9.999E-05 0.9998
0.990577 0.00932301 9.9991E-05
9.9991E-05 0.827088 0.172812
0.504617 0.495283 9.9991E-05
9.9991E-05 0.0245196 0.97538
0.9998 9.999E-05 9.999E-05
0.702455 9.9991E-05 0.297445
0.60883 0.39107 9.9991E-05
0.906419 9.9991E-05 0.0934809
