0.655388 0.331265 0.0133464
0.894268 0.105632 9.9991E-05
0.444354 0.555546 9.9991E-05
0.8116 0.1883 9.9991E-05
9.9991E-05 0.754061 0.245839
0.629531 9.9991E-05 0.370369
0.00700193 0.891739 0.101259
0.869313 0.130587 9.9991E-05
0.200775 9.9991E-05 0.799125
9.9991E-05 0.89798 0.10192
9.9991E-05 0.990831 0.00906898
0.9998 9.999E-05 9.999E-05
9.9991E-05 0.531554 0.468346
0.160913 0.838987 9.9991E-05
9.9991E-05 0.547059 0.452841
9.9991E-05 0.0744457 0.925454
0.948152 0.0517476 9.9991E-05
0.0721239 0.289033 0.638843
0.747366 9.9991E-05 0.252534
9.999E-05 9.999E-05 0.9998
9.9991E-05 0.0517258 0.948174
0.388089 9.9991E-05 0.611811
9.9991E-05 0.139548 0.860352
0.568915 0.30337 0.127714
0.163139 0.836761 9.9991E-05
9.9991E-05 0.451472 0.548428
0.683749 0.316151 9.9991E-05
0.271704 0.184554 0.543741
0.939375 0.0375704 0.0230546
0.814742 9.9991E-05 0.185158
0.0113545 0.988545 9.9991E-05
9.999E-05 0.9998 9.999E-05
9.9991E-05 0.97772 0.0221795
0.601968 9.9991E-05 0.397932
0.887526 0.112374 9.9991E-05
9.999E-05 9.999E-05 0.9998
0.448241 9.9991E-05 0.551659
0.585327 9.9991E-05 0.414573
0.161738 0.737423 0.100838
0.613864 9.9991E-05 0.386036
0.891374 9.9991E-05 0.108526
0.9998 9.999E-05 9.999E-05
9.999E-05 9.999E-05 0.9998
0.101302 0.898598 9.9991E-05
9.9991E-05 0.424852 0.575048
0.965319 0.0345807 9.9991E-05
9.999E-05 9.999E-05 0.9998
0.336733 9.9991E-05 0.663167
9.9991E-05 0.370707 0.629193
0.0723206 0.0412613 0.886418
