9.9991E-05 0.296302 0.703598
9.999E-05 0.0601354 0.939765
9.999E-05 0.49832 0.50158
9.999E-05 0.153072 0.846828
0.211566 0.788334 9.9991E-05
0.492362 9.9991E-05 0.507538
0.0955969 0.870586 0.0338174
9.999E-05 0.0838011 0.916099
0.90198 9.9991E-05 0.0979204
0.120634 0.879266 9.9991E-05
9.999E-05 0.9998 9.999E-05
9.999E-05 9.999E-05 0.9998
0.366506 0.633394 9.9991E-05
9.9991E-05 0.792244 0.207656
0.364903 0.634997 9.9991E-05
0.827022 0.172878 9.9991E-05
9.9991E-05 0.0529459 0.946954
0.620874 0.379026 9.9991E-05
0.354865 9.9991E-05 0.645035
0.946502 0.0533981 9.9991E-05
0.864532 0.0919691 0.0434993
0.722928 9.9991E-05 0.276972
0.775862 0.224038 9.9991E-05
0.147664 0.302904 0.549431
9.9991E-05 0.809229 0.190671
0.497962 0.501938 9.9991E-05
9.9991E-05 0.301464 0.698436
0.473377 0.214204 0.312419
9.99911E-05 0.0643531 0.935547
0.227833 9.9991E-05 0.772067
9.999E-05 0.9998 9.999E-05
9.999E-05 0.9998 9.999E-05
9.999E-05 0.9998 9.999E-05
0.553232 9.9991E-05 0.446668
9.9991E-05 0.0592749 0.940625
0.955789 0.0441109 9.9991E-05
0.637488 9.9991E-05 0.362412
0.583363 9.9991E-05 0.416537
0.0805178 0.715629 0.203853
0.420589 9.9991E-05 0.579311
0.198433 9.9991E-05 0.801467
9.999E-05 9.999E-05 0.9998
0.995351 0.00454933 9.99911E-05
9.9991E-05 0.82996 0.16994
0.457119 0.542781 9.9991E-05
9.9991E-05 0.0154177 0.984482
0.9998 9.999E-05 9.999E-05
0.782626 9.9991E-05 0.217274
0.519537 0.480363 9.9991E-05
0.852063 0.0687691 0.0791679
