0.00278232 0.755183 0.242035
9.999E-05 0.966507 0.0333932
9.999E-05 0.487105 0.512795
0.00227683 0.86223 0.135494
0.156505 9.9991E-05 0.843395
0.472086 0.527814 9.9991E-05
0.0864685 0.0630372 0.850494
9.999E-05 0.834272 0.165628
0.897273 0.102627 9.9991E-05
9.999E-05 9.999E-05 0.9998
9.999E-05 9.999E-05 0.9998
9.999E-05 0.9998 9.999E-05
0.360494 9.9991E-05 0.639406
9.9991E-05 0.191362 0.808538
0.359556 9.9991E-05 0.640344
0.861632 9.9991E-05 0.138268
9.9991E-05 0.969117 0.0307832
0.569336 9.9991E-05 0.430564
0.409289 0.590611 9.9991E-05
0.95243 9.9991E-05 0.0474699
0.95356 9.9991E-05 0.0463403
0.668497 0.331403 9.9991E-05
0.75383 9.9991E-05 0.24607
0.130909 0.634487 0.234604
9.9991E-05 0.203057 0.796844
0.449336 9.9991E-05 0.550564
9.9991E-05 0.756504 0.243396
0.525027 0.298091 0.176882
9.999E-05 0.9998 9.999E-05
0.267967 0.731933 9.9991E-05
9.9991E-05 0.0358306 0.964069
9.9991E-05 0.00986546 0.990035
9.999E-05 9.999E-05 0.9998
0.529693 0.462406 0.00790059
9.9991E-05 0.968913 0.0309871
0.947519 9.9991E-05 0.0523809
0.694513 0.305387 9.9991E-05
0.531381 0.468519 9.9991E-05
0.0678029 0.177291 0.754907
0.486261 0.513639 9.9991E-05
0.166496 0.833404 9.9991E-05
9.999E-05 0.9998 9.999E-05
0.92882 9.9991E-05 0.0710803
9.9991E-05 0.129428 0.870472
0.440985 9.9991E-05 0.558915
9.9991E-05 0.999233 0.000666583
0.9998 9.999E-05 9.999E-05
0.710883 0.289017 9.9991E-05
0.553303 9.9991E-05 0.446597
0.821431 0.139693 0.0388762
