0.0158974 0.0483115 0.157094 0.778697
9.998E-05 9.998E-05 9.998E-05 0.9997
9.9982E-05 9.9982E-05 0.483426 0.516374
0.228221 9.9991E-05 0.134084 0.637596
9.9982E-05 0.46419 0.53561 9.9982E-05
0.93256 9.9982E-05 0.0672405 9.9982E-05
0.141851 0.0381508 0.819898 9.9991E-05
9.99821E-05 9.99821E-05 0.0406804 0.95912
0.809158 0.190643 9.9982E-05 9.9982E-05
9.9982E-05 0.287112 0.712688 9.9982E-05
9.99821E-05 0.0381962 0.961604 9.99821E-05
0.197976 9.9982E-05 9.9982E-05 0.801824
0.0977689 0.493947 0.408184 9.9991E-05
0.0423436 9.9991E-05 0.865094 0.0924621
9.9982E-05 0.690314 0.309486 9.9982E-05
0.190358 0.728908 0.0806343 9.9991E-05
0.0715032 9.9982E-05 9.9982E-05 0.928297
0.298781 0.425786 0.275333 9.9991E-05
0.990125 9.9982E-05 9.9982E-05 0.00967469
0.156139 0.843661 9.9982E-05 9.9982E-05
0.231728 0.759311 9.9991E-05 0.00886087
0.620156 0.30266 9.9991E-05 0.0770832
0.125235 0.874565 9.9982E-05 9.9982E-05
0.0286071 0.192157 0.23685 0.542386
0.0746504 9.9991E-05 0.779823 0.145426
9.9982E-05 0.809877 0.189923 9.9982E-05
0.0174906 9.9991E-05 0.20368 0.778729
0.61202 0.112513 0.275367 9.9991E-05
9.99821E-05 0.025246 9.99821E-05 0.974554
0.681066 9.99821E-05 9.99821E-05 0.318734
9.998E-05 9.998E-05 0.9997 9.998E-05
9.998E-05 9.998E-05 0.9997 9.998E-05
9.9982E-05 0.123911 0.875889 9.9982E-05
0.940758 9.9982E-05 0.0590424 9.9982E-05
0.100106 9.9991E-05 0.0591861 0.840607
0.296652 0.703148 9.9982E-05 9.9982E-05
0.903056 0.0967437 9.9982E-05 9.9982E-05
0.947245 9.9982E-05 0.0525549 9.9982E-05
0.215973 0.0276003 0.756327 9.9991E-05
0.834509 9.99821E-05 9.99821E-05 0.165291
0.748966 9.9982E-05 9.9982E-05 0.250834
0.0783689 9.9982E-05 9.9982E-05 0.921431
9.9982E-05 0.929247 9.9982E-05 0.0705534
9.9982E-05 9.9982E-05 0.869684 0.130116
9.9982E-05 0.752416 0.247385 9.9982E-05
9.998E-05 9.998E-05 9.998E-05 0.9997
0.37643 0.62337 9.9982E-05 9.9982E-05
0.939872 0.0599276 9.99821E-05 9.99821E-05
9.9991E-05 0.817483 0.0565052 0.125912
0.388627 0.611173 9.9982E-05 9.9982E-05
