0.0928473 0.123994 0.783059 9.9991E-05
0.0545263 9.9982E-05 0.945274 9.9982E-05
9.9982E-05 0.464003 0.535797 9.9982E-05
9.999E-05 0.127733 0.539265 0.332902
0.321161 0.678639 9.9982E-05 9.9982E-05
9.9991E-05 0.0454812 0.061011 0.893408
0.069086 0.718539 0.0918999 0.120475
9.998E-05 9.998E-05 0.9997 9.998E-05
0.319406 9.9982E-05 9.9982E-05 0.680394
0.139657 0.860143 9.99821E-05 9.99821E-05
9.998E-05 0.9997 9.998E-05 9.998E-05
9.9982E-05 9.9982E-05 0.889716 0.110084
0.409495 0.520193 0.035059 0.0352532
9.999E-05 0.834796 0.112276 0.052828
0.514239 0.485561 9.9982E-05 9.9982E-05
0.951159 9.9991E-05 0.0404532 0.00828796
9.9991E-05 0.0883684 0.67268 0.238852
0.362612 0.350056 9.9991E-05 0.287232
9.998E-05 9.998E-05 9.998E-05 0.9997
0.909404 9.99821E-05 9.99821E-05 0.090396
0.760735 9.9991E-05 0.094951 0.144214
0.415801 9.9991E-05 0.0369013 0.547198
0.86842 0.0894685 0.0420113 9.9991E-05
0.0752016 0.260956 0.469984 0.193858
9.9991E-05 0.820912 0.0821803 0.0968078
0.700879 0.298921 9.9982E-05 9.9982E-05
9.9991E-05 0.267545 0.610059 0.122296
0.159056 0.254443 9.9991E-05 0.5864
9.998E-05 9.998E-05 0.9997 9.998E-05
9.99821E-05 9.99821E-05 0.222619 0.777181
9.9982E-05 0.971338 0.0284619 9.9982E-05
9.998E-05 0.9997 9.998E-05 9.998E-05
0.0632484 0.936552 9.9982E-05 9.9982E-05
9.9982E-05 0.0917943 9.9982E-05 0.908006
9.9991E-05 0.0597769 0.770019 0.170104
0.79714 9.9982E-05 9.9982E-05 0.20266
0.143473 9.9982E-05 9.9982E-05 0.856327
9.9982E-05 0.0560313 9.9982E-05 0.943769
0.0299405 0.776737 0.115911 0.0774116
9.9991E-05 0.0304325 0.00766261 0.961805
9.9982E-05 9.9982E-05 0.17284 0.82696
9.9982E-05 9.9982E-05 0.858897 0.140903
0.954755 9.99821E-05 0.0450455 9.99821E-05
9.9982E-05 0.886732 0.113068 9.9982E-05
0.615464 0.384336 9.9982E-05 9.9982E-05
0.056802 9.9982E-05 0.942998 9.9982E-05
0.688608 9.9982E-05 9.9982E-05 0.311192
0.0968376 9.99821E-05 9.99821E-05 0.902962
0.647835 0.265278 0.0867874 9.9991E-05
0.665177 9.9982E-05 9.9982E-05 0.334623
