0.0545729 9.9991E-05 0.740739 0.204588
0.0347525 0.0205776 0.939103 0.00556706
9.9982E-05 9.9982E-05 0.493632 0.506169
9.999E-05 0.164248 0.713826 0.121827
0.421772 9.9982E-05 9.9982E-05 0.578028
9.9982E-05 0.947744 9.9982E-05 0.0520562
0.00292719 0.118169 9.9991E-05 0.878803
9.99821E-05 9.99821E-05 0.982665 0.0171348
0.145614 0.854186 9.99821E-05 9.99821E-05
0.220764 9.9982E-05 9.9982E-05 0.779036
9.998E-05 9.998E-05 9.998E-05 0.9997
9.9982E-05 0.0732983 0.926502 9.9982E-05
0.48662 0.0431802 9.9991E-05 0.4701
9.999E-05 0.0283985 0.120392 0.85111
0.650286 9.9982E-05 9.9982E-05 0.349514
0.820366 0.164571 0.00638807 0.00867454
9.9982E-05 0.0265585 0.973242 9.9982E-05
0.398631 0.324932 9.9991E-05 0.276336
9.9982E-05 0.964155 0.0356447 9.9982E-05
0.917795 0.0820046 9.9982E-05 9.9982E-05
0.756416 0.189195 0.0542892 9.9991E-05
0.368687 0.515463 0.115749 9.9991E-05
0.797651 0.137705 9.9991E-05 0.0645438
0.102746 0.149839 0.510785 0.23663
9.9991E-05 0.0883999 0.07451 0.83699
0.806835 9.9982E-05 9.9982E-05 0.192965
9.99821E-05 9.99821E-05 0.757889 0.241911
0.131042 0.582585 9.9991E-05 0.286273
0.0229562 9.99821E-05 0.976844 9.99821E-05
9.99821E-05 0.54694 0.45286 9.99821E-05
9.998E-05 9.998E-05 9.998E-05 0.9997
9.998E-05 9.998E-05 9.998E-05 0.9997
0.0906511 9.9982E-05 9.9982E-05 0.909149
9.9982E-05 0.924351 9.9982E-05 0.0754491
9.9991E-05 0.0558172 0.844373 0.0997096
0.656686 0.343114 9.9982E-05 9.9982E-05
0.134097 0.814722 0.0510816 9.9991E-05
9.9982E-05 0.908276 9.9982E-05 0.0915237
0.110039 0.0739948 0.0912135 0.724752
9.9982E-05 0.830784 0.169016 9.9982E-05
9.9982E-05 0.661459 0.338341 9.9982E-05
9.9982E-05 0.0783649 0.921435 9.9982E-05
0.9997 9.998E-05 9.998E-05 9.998E-05
9.9982E-05 9.9982E-05 0.166579 0.833221
0.727041 9.9982E-05 9.9982E-05 0.272759
9.998E-05 9.998E-05 0.9997 9.998E-05
0.47877 0.52103 9.9982E-05 9.9982E-05
0.100123 0.899677 9.99821E-05 9.99821E-05
0.773076 9.9991E-05 0.101234 0.12559
0.602236 0.397564 9.9982E-05 9.9982E-05
