0.0773926 0.715395 0.207112 9.9991E-05
0.0352146 0.964585 9.9982E-05 9.9982E-05
9.9982E-05 0.478033 0.521767 9.9982E-05
9.999E-05 0.604355 0.13844 0.257105
0.306409 9.9982E-05 0.693391 9.9982E-05
9.9982E-05 9.9982E-05 0.0564048 0.943395
0.00845313 0.00368097 0.829382 0.158484
9.9982E-05 0.965996 0.0338045 9.9982E-05
0.217614 9.99821E-05 9.99821E-05 0.782186
0.163765 9.9982E-05 0.836035 9.9982E-05
9.998E-05 9.998E-05 0.9997 9.998E-05
9.9982E-05 0.927614 9.9982E-05 0.0721865
0.433036 9.9991E-05 0.494065 0.0727991
9.999E-05 0.150706 0.844517 0.00467685
0.523093 9.9982E-05 0.476707 9.9982E-05
0.892081 0.00407204 9.9991E-05 0.103746
9.9991E-05 0.920102 0.0143383 0.0654602
0.364692 9.9991E-05 0.293428 0.34178
9.9982E-05 0.0340459 9.9982E-05 0.965754
0.809471 9.9982E-05 9.9982E-05 0.190329
0.797084 9.9982E-05 9.9982E-05 0.202716
0.407532 0.0973718 9.9991E-05 0.494997
0.908382 0.00288915 0.0111223 0.0776062
0.114899 0.46306 0.213156 0.208885
9.9991E-05 0.154279 0.827195 0.0184264
0.767655 9.9982E-05 0.232145 9.9982E-05
9.9991E-05 0.699172 0.254648 0.0460804
0.173953 9.9991E-05 0.270216 0.555731
0.00972524 0.990075 9.99821E-05 9.99821E-05
9.99821E-05 0.400731 9.99821E-05 0.599069
9.9982E-05 0.035422 0.964378 9.9982E-05
9.998E-05 9.998E-05 0.9997 9.998E-05
0.00983972 9.9982E-05 0.98996 9.9982E-05
9.9982E-05 9.9982E-05 0.0644415 0.935359
9.9991E-05 0.867067 0.022175 0.110658
0.768578 9.9982E-05 9.9982E-05 0.231222
0.124874 9.9982E-05 9.9982E-05 0.874926
9.9991E-05 0.0148189 0.0141487 0.970932
0.0226616 0.0245027 0.759814 0.193021
9.9991E-05 0.12217 0.0285677 0.849162
9.9982E-05 0.297036 9.9982E-05 0.702764
9.9982E-05 0.883931 9.9982E-05 0.115869
0.977504 0.0222956 9.99821E-05 9.99821E-05
9.9982E-05 0.136709 0.863091 9.9982E-05
0.739207 9.9982E-05 0.260593 9.9982E-05
9.998E-05 0.9997 9.998E-05 9.998E-05
0.632886 9.9982E-05 9.9982E-05 0.366914
0.104913 9.99821E-05 9.99821E-05 0.894888
0.752201 0.0946009 0.153098 9.9991E-05
0.570441 9.9991E-05 0.0290852 0.400374
