0.752631 0.136775 9.9991E-05 0.110494
0.9997 9.998E-05 9.998E-05 9.998E-05
0.511651 0.488149 9.9982E-05 9.9982E-05
0.528444 0.16258 0.308876 9.9991E-05
9.9982E-05 0.576294 9.9982E-05 0.423506
0.00735512 0.0552822 0.918427 0.018936
0.0172079 0.845519 0.080369 0.0569045
0.955841 0.0439588 9.99821E-05 9.99821E-05
9.99821E-05 9.99821E-05 0.669355 0.330445
9.9982E-05 0.736773 9.9982E-05 0.263027
9.99821E-05 0.949266 9.99821E-05 0.0505338
0.909748 9.9982E-05 0.0900524 9.9982E-05
9.9991E-05 0.505627 0.0495298 0.444744
0.0490963 0.821526 0.129277 9.9991E-05
9.9982E-05 0.42904 9.9982E-05 0.57076
0.0523655 0.00816624 0.11576 0.823709
0.946734 9.9982E-05 0.0530664 9.9982E-05
9.9991E-05 0.321176 0.185542 0.493182
0.0106331 9.9982E-05 0.989167 9.9982E-05
0.0352565 9.9982E-05 9.9982E-05 0.964543
9.9982E-05 9.9982E-05 0.218588 0.781212
0.130153 9.9991E-05 0.507445 0.362301
9.9991E-05 0.0775015 0.0882237 0.834175
0.494391 0.158398 0.118975 0.228237
0.101473 0.846311 0.0521163 9.9991E-05
9.9982E-05 0.28133 9.9982E-05 0.71847
0.673011 0.285157 0.0417328 9.9991E-05
9.9991E-05 0.188676 0.664802 0.146422
0.988005 9.99821E-05 9.99821E-05 0.0117946
0.302246 9.99821E-05 0.697554 9.99821E-05
0.0152715 0.984529 9.9982E-05 9.9982E-05
9.998E-05 0.9997 9.998E-05 9.998E-05
9.9982E-05 0.892661 9.9982E-05 0.107139
9.9982E-05 0.0760894 0.923711 9.9982E-05
0.792461 0.037226 0.170212 9.9991E-05
9.9982E-05 9.9982E-05 0.13977 0.86003
9.9982E-05 9.9982E-05 0.898561 0.101239
9.9991E-05 0.0494112 0.929749 0.02074
0.0640824 0.755693 0.156977 0.0232475
9.998E-05 9.998E-05 0.9997 9.998E-05
0.193287 9.9982E-05 0.806513 9.9982E-05
0.84661 9.9982E-05 0.15319 9.9982E-05
9.998E-05 9.998E-05 9.998E-05 0.9997
0.101069 0.898731 9.9982E-05 9.9982E-05
9.9982E-05 0.328511 9.9982E-05 0.671289
0.9997 9.998E-05 9.998E-05 9.998E-05
9.9982E-05 9.9982E-05 0.324725 0.675075
9.99821E-05 9.99821E-05 0.902659 0.0971409
0.100056 0.169838 9.9991E-05 0.730006
9.9982E-05 9.9982E-05 0.286376 0.713424
