9.9991E-05 0.768583 0.149645 0.0816721
9.9982E-05 0.964339 9.9982E-05 0.0354613
9.9982E-05 0.545125 0.454675 9.9982E-05
0.211788 0.680727 0.107385 9.9991E-05
9.9982E-05 9.9982E-05 0.587792 0.412008
0.939237 0.0038726 0.0567901 9.9991E-05
0.125644 9.9991E-05 0.823326 0.0509302
9.998E-05 0.9997 9.998E-05 9.998E-05
0.72981 9.99821E-05 9.99821E-05 0.26999
9.9982E-05 9.9982E-05 0.76301 0.23679
9.99821E-05 9.99821E-05 0.919143 0.0806575
0.018424 0.981376 9.9982E-05 9.9982E-05
0.0453847 0.0224455 0.427755 0.504414
0.0962658 0.0556553 0.847979 9.9991E-05
9.9982E-05 9.9982E-05 0.445168 0.554632
0.159388 0.000971752 0.0456923 0.793948
0.0122218 0.987578 9.9982E-05 9.9982E-05
0.231072 9.9991E-05 0.267801 0.501027
0.9997 9.998E-05 9.998E-05 9.998E-05
0.161237 9.99821E-05 9.99821E-05 0.838563
0.203726 0.076544 9.9991E-05 0.71963
0.425638 0.167422 9.9991E-05 0.40684
0.0385267 0.0112648 9.9991E-05 0.950109
0.155838 0.517827 0.252292 0.0740434
0.0479084 0.0795135 0.872478 9.9991E-05
9.9982E-05 9.9982E-05 0.219245 0.780555
0.0107357 0.738451 0.250713 9.9991E-05
0.674595 9.9991E-05 0.228111 0.0971944
9.998E-05 0.9997 9.998E-05 9.998E-05
0.615164 0.384636 9.99821E-05 9.99821E-05
9.9982E-05 0.00396784 0.995832 9.9982E-05
9.998E-05 9.998E-05 0.9997 9.998E-05
9.9982E-05 9.9982E-05 0.85892 0.14088
0.911975 9.9982E-05 0.0878246 9.9982E-05
0.0499995 0.865766 0.0841347 9.9991E-05
0.321323 9.9982E-05 9.9982E-05 0.678477
0.83692 0.0280969 9.9991E-05 0.134883
0.95304 9.9982E-05 0.0467601 9.9982E-05
0.252393 9.99821E-05 0.747407 9.99821E-05
0.924433 0.0753668 9.99821E-05 9.99821E-05
0.744537 0.255263 9.9982E-05 9.9982E-05
0.0562717 0.943528 9.9982E-05 9.9982E-05
9.998E-05 9.998E-05 9.998E-05 0.9997
9.9982E-05 0.0654419 0.934358 9.9982E-05
9.9982E-05 9.9982E-05 0.247322 0.752478
9.998E-05 0.9997 9.998E-05 9.998E-05
0.409103 9.9982E-05 9.9982E-05 0.590697
0.87755 9.99821E-05 9.99821E-05 0.12225
9.9991E-05 0.121722 0.165465 0.712713
0.384705 9.9982E-05 9.9982E-05 0.615095
