0.19787 9.9991E-05 0.0802452 0.721785
0.0114566 9.9982E-05 9.9982E-05 0.988343
0.514465 9.99821E-05 9.99821E-05 0.485335
0.136606 0.130434 9.9991E-05 0.732861
0.47164 9.9982E-05 0.52816 9.9982E-05
0.0500721 0.85555 9.9991E-05 0.0942776
0.824874 0.106235 0.0687901 9.9991E-05
0.0537662 9.99821E-05 9.99821E-05 0.946034
9.99821E-05 0.939975 0.0598247 9.99821E-05
0.552806 9.9982E-05 0.446994 9.9982E-05
0.878938 9.99821E-05 0.120862 9.99821E-05
9.9982E-05 0.0603142 9.9982E-05 0.939486
0.368199 0.00874517 0.527148 0.0959081
0.932518 0.0303358 9.9991E-05 0.0370467
0.233008 9.9982E-05 0.766792 9.9982E-05
9.99821E-05 0.415653 0.584147 9.99821E-05
9.998E-05 9.998E-05 9.998E-05 0.9997
0.226553 0.382314 0.391033 9.9991E-05
9.9982E-05 0.905595 9.9982E-05 0.0942055
9.9982E-05 0.346581 0.653219 9.9982E-05
9.9982E-05 0.391637 0.608163 9.9982E-05
9.9991E-05 0.7033 0.216928 0.0796716
0.0142027 0.206537 0.77916 9.9991E-05
0.260781 0.21533 0.0702532 0.453636
0.845754 0.0281326 9.9991E-05 0.126013
0.110761 9.9982E-05 0.889039 9.9982E-05
0.313757 0.00726893 9.9991E-05 0.678874
0.227185 0.581508 0.191207 9.9991E-05
9.99821E-05 9.99821E-05 0.00148601 0.998314
9.99821E-05 0.584341 9.99821E-05 0.415459
0.997773 9.9982E-05 9.9982E-05 0.00202688
0.9997 9.998E-05 9.998E-05 9.998E-05
0.774307 9.9982E-05 0.225494 9.9982E-05
0.0719231 0.902739 9.9991E-05 0.0252381
0.0689192 0.0691814 9.9991E-05 0.861799
9.9982E-05 0.517743 0.482057 9.9982E-05
9.9982E-05 0.992477 9.9982E-05 0.00732298
0.0600022 0.864712 9.9991E-05 0.0751859
0.777863 0.166656 0.0273308 0.0281502
9.99821E-05 0.842758 9.99821E-05 0.157043
9.9982E-05 0.617491 9.9982E-05 0.382309
9.9982E-05 0.0490759 9.9982E-05 0.950724
9.9982E-05 0.116258 0.883542 9.9982E-05
0.936966 9.9982E-05 9.9982E-05 0.062834
0.0561067 9.9982E-05 0.943693 9.9982E-05
9.9991E-05 0.0188897 0.0582891 0.922721
9.9982E-05 0.595877 0.403923 9.9982E-05
9.99821E-05 0.977661 0.0221394 9.99821E-05
9.99821E-05 9.99821E-05 0.852332 0.147468
9.9982E-05 0.527441 0.472359 9.9982E-05
