0.0842616 9.9991E-05 0.81768 0.0979586
0.0116673 9.9982E-05 0.988133 9.9982E-05
9.9982E-05 9.9982E-05 0.512625 0.487175
9.999E-05 0.158907 0.706273 0.13472
0.371968 9.9982E-05 9.9982E-05 0.627832
9.9982E-05 0.932635 9.9982E-05 0.0671649
0.0057673 0.123672 9.9991E-05 0.870461
9.9982E-05 9.9982E-05 0.918902 0.0808983
0.292225 0.707575 9.9982E-05 9.9982E-05
0.193496 9.9982E-05 9.9982E-05 0.806304
0.0217413 9.99821E-05 9.99821E-05 0.978059
9.9982E-05 0.0491003 0.9507 9.9982E-05
0.469627 0.0446213 0.0356292 0.450122
9.999E-05 0.0198505 0.112958 0.867091
0.524494 9.9982E-05 9.9982E-05 0.475306
0.762475 0.18486 9.9991E-05 0.0525647
9.9991E-05 0.0996488 0.848251 0.0520001
0.350939 0.319244 9.9991E-05 0.329717
9.9982E-05 0.968983 0.0308174 9.9982E-05
0.929155 0.0543855 0.0163595 9.9991E-05
0.76284 0.145195 0.0918643 9.9991E-05
0.336795 0.632031 0.0310743 9.9991E-05
0.942677 0.0571234 9.9982E-05 9.9982E-05
0.126737 0.0548433 0.617225 0.201195
9.9991E-05 0.094789 0.0571082 0.848003
0.667946 9.9982E-05 9.9982E-05 0.331854
9.99821E-05 9.99821E-05 0.673265 0.326535
0.153217 0.598497 9.9991E-05 0.248186
0.0205975 9.99821E-05 0.979203 9.99821E-05
9.99821E-05 0.596339 0.403461 9.99821E-05
9.99821E-05 9.99821E-05 0.00195222 0.997848
9.998E-05 9.998E-05 9.998E-05 0.9997
0.0665781 9.9982E-05 9.9982E-05 0.933222
9.9982E-05 0.98507 9.9982E-05 0.01473
9.9991E-05 0.0723277 0.897066 0.0305059
0.706011 0.293789 9.9982E-05 9.9982E-05
0.0421632 0.957637 9.9982E-05 9.9982E-05
0.0323988 0.895506 0.014997 0.0570985
9.9991E-05 0.147692 0.0720943 0.780114
9.9991E-05 0.879951 0.0999202 0.0200288
9.9982E-05 0.719072 0.280728 9.9982E-05
9.9982E-05 0.129982 0.869818 9.9982E-05
0.9997 9.998E-05 9.998E-05 9.998E-05
9.9982E-05 9.9982E-05 0.110498 0.889302
0.701048 9.9982E-05 9.9982E-05 0.298752
9.998E-05 9.998E-05 0.9997 9.998E-05
0.636019 0.363781 9.9982E-05 9.9982E-05
0.080218 0.919582 9.99821E-05 9.99821E-05
0.757413 9.9991E-05 0.0615492 0.180937
0.642293 0.357507 9.9982E-05 9.9982E-05
