0.136699 0.760283 9.9991E-05 0.102918
9.9982E-05 0.959453 9.9982E-05 0.0403474
0.502486 0.497314 9.9982E-05 9.9982E-05
0.152489 0.625667 0.221745 9.9991E-05
0.53816 9.9982E-05 9.9982E-05 0.46164
0.012146 0.0923105 0.895444 9.9991E-05
0.826954 9.9991E-05 0.128165 0.0447816
9.998E-05 0.9997 9.998E-05 9.998E-05
9.9982E-05 9.9982E-05 0.842981 0.156819
0.64873 9.9982E-05 9.9982E-05 0.35107
0.88301 9.99821E-05 9.99821E-05 0.11679
9.9982E-05 0.912847 0.0869531 9.9982E-05
0.462346 9.9991E-05 0.102801 0.434753
0.848921 0.148736 0.00224214 9.9991E-05
0.331054 9.9982E-05 9.9982E-05 0.668746
9.99821E-05 9.99821E-05 0.226446 0.773354
0.0521418 0.808152 0.139607 9.9991E-05
0.22601 9.9991E-05 0.325555 0.448335
9.9982E-05 0.0882326 0.911567 9.9982E-05
9.99821E-05 9.99821E-05 0.166094 0.833706
9.9991E-05 0.0311 0.236408 0.732392
9.9991E-05 0.101204 0.627934 0.270761
9.9982E-05 9.9982E-05 0.12081 0.87899
0.284158 0.426547 0.191241 0.0980534
0.871046 0.0555591 0.0732945 9.9991E-05
0.186557 9.9982E-05 9.9982E-05 0.813243
0.318513 0.624893 0.056494 9.9991E-05
0.291806 9.9991E-05 0.631647 0.0764474
9.998E-05 0.9997 9.998E-05 9.998E-05
9.99821E-05 0.367839 0.631961 9.99821E-05
0.9997 9.998E-05 9.998E-05 9.998E-05
0.9997 9.998E-05 9.998E-05 9.998E-05
0.880854 9.9982E-05 9.9982E-05 0.118946
0.0674185 9.9982E-05 0.932382 9.9982E-05
0.0144636 0.848436 0.137001 9.9991E-05
9.9982E-05 9.9982E-05 0.372915 0.626885
9.9982E-05 9.9982E-05 0.871706 0.128094
0.0519072 9.9982E-05 0.947893 9.9982E-05
0.66954 0.195745 0.0443608 0.090354
9.99821E-05 0.141254 0.858546 9.99821E-05
9.9982E-05 0.254659 0.745141 9.9982E-05
9.9982E-05 0.910014 0.0897861 9.9982E-05
9.9982E-05 0.0468376 9.9982E-05 0.952962
0.938463 0.0463269 0.0151098 9.9991E-05
0.215793 9.9982E-05 9.9982E-05 0.784007
0.0157747 0.983912 9.9991E-05 0.000213544
9.9982E-05 9.9982E-05 0.479743 0.520057
9.99821E-05 9.99821E-05 0.916249 0.0835514
0.131215 0.0978406 9.9991E-05 0.770844
9.9982E-05 9.9982E-05 0.449894 0.549906
