0.252835 9.9991E-05 0.684208 0.0628571
9.9982E-05 9.9982E-05 0.98312 0.0166804
0.545377 9.9982E-05 0.454423 9.9982E-05
0.192636 0.183802 0.623462 9.9991E-05
0.602611 9.9982E-05 9.9982E-05 0.397189
0.0583539 0.941446 9.9982E-05 9.9982E-05
0.850295 0.0449661 9.9991E-05 0.104639
0.0726798 9.99821E-05 0.92712 9.99821E-05
9.9982E-05 0.794603 9.9982E-05 0.205197
0.656072 9.9982E-05 9.9982E-05 0.343728
0.942065 9.99821E-05 9.99821E-05 0.0577352
9.9982E-05 0.0716588 0.928141 9.9982E-05
0.470558 0.101 0.0350047 0.393438
0.924199 9.99821E-05 0.0756013 9.99821E-05
0.330884 9.9982E-05 9.9982E-05 0.668916
9.99821E-05 0.246636 9.99821E-05 0.753164
9.9982E-05 0.106312 0.893488 9.9982E-05
0.307904 0.365935 9.9991E-05 0.326061
9.9982E-05 0.975893 0.0239071 9.9982E-05
9.9982E-05 0.182451 9.9982E-05 0.817349
9.9991E-05 0.224874 0.0882148 0.686811
9.9991E-05 0.516508 0.159553 0.323839
0.033841 0.154955 9.9991E-05 0.811104
0.242889 0.222251 0.411513 0.123347
0.852879 0.0917156 0.0553054 9.9991E-05
0.160648 9.9982E-05 9.9982E-05 0.839152
0.33892 9.99821E-05 0.66088 9.99821E-05
0.256081 0.534887 0.0632711 0.145761
9.99821E-05 9.99821E-05 0.989148 0.010652
9.99821E-05 0.547635 0.452165 9.99821E-05
0.971548 9.9982E-05 0.0282524 9.9982E-05
0.9997 9.998E-05 9.998E-05 9.998E-05
0.873484 9.9982E-05 9.9982E-05 0.126316
0.0649096 0.93489 9.9982E-05 9.9982E-05
0.0723963 0.0416825 0.885821 9.9991E-05
9.9982E-05 0.420094 9.9982E-05 0.579706
9.9982E-05 0.907943 9.9982E-05 0.091857
0.04242 0.95738 9.9982E-05 9.9982E-05
0.775697 0.202627 0.0157217 0.00595428
9.99821E-05 0.831028 0.168772 9.99821E-05
9.9982E-05 0.627094 0.372706 9.9982E-05
9.9982E-05 0.0785027 0.921297 9.9982E-05
9.9991E-05 0.0161412 0.0189128 0.964846
0.936558 9.9982E-05 0.0632421 9.9982E-05
0.25946 9.9982E-05 9.9982E-05 0.74034
9.998E-05 9.998E-05 0.9997 9.998E-05
9.9982E-05 0.531683 9.9982E-05 0.468117
9.99821E-05 0.936135 9.99821E-05 0.0636651
0.0517761 9.9991E-05 0.138279 0.809845
9.9982E-05 0.443618 9.9982E-05 0.556182
