9.9991E-05 0.0443269 0.148123 0.80745
9.9982E-05 0.0293967 9.9982E-05 0.970403
9.9982E-05 9.9982E-05 0.505431 0.494369
0.280701 9.9991E-05 0.12205 0.597149
9.9982E-05 0.330102 0.669699 9.9982E-05
0.923452 9.9991E-05 0.0594934 0.0169543
0.140635 0.0453821 0.813883 9.9991E-05
9.9991E-05 0.000920308 0.0416114 0.957368
0.80688 0.19292 9.99821E-05 9.99821E-05
9.9982E-05 0.285466 0.714334 9.9982E-05
9.99821E-05 0.0504386 0.949361 9.99821E-05
0.137522 9.9982E-05 9.9982E-05 0.862279
0.0751342 0.492483 0.429174 0.00320883
0.0275426 9.9991E-05 0.892486 0.0798718
9.9982E-05 0.606248 0.393552 9.9982E-05
0.181246 0.79631 0.0162839 0.00616035
0.063941 9.9982E-05 9.9982E-05 0.935859
0.306366 0.440941 0.252593 9.9991E-05
0.950199 9.9982E-05 9.9982E-05 0.0496015
0.105486 0.894314 9.99821E-05 9.99821E-05
0.202645 0.733174 9.9991E-05 0.0640807
0.530729 0.300269 9.9991E-05 0.168902
0.109407 0.809166 0.0813272 9.9991E-05
0.262171 0.0224053 0.27908 0.436343
0.144094 9.9991E-05 0.788108 0.0676974
9.9982E-05 0.763398 0.236402 9.9982E-05
0.0161421 9.9991E-05 0.229127 0.754631
0.606514 0.176314 0.217072 9.9991E-05
9.998E-05 9.998E-05 9.998E-05 0.9997
0.560136 9.99821E-05 9.99821E-05 0.439664
9.998E-05 9.998E-05 0.9997 9.998E-05
9.998E-05 9.998E-05 0.9997 9.998E-05
9.9982E-05 0.0823902 0.91741 9.9982E-05
0.9559 9.9982E-05 0.0438998 9.9982E-05
0.126675 9.9991E-05 0.00291126 0.870314
0.315489 0.684311 9.9982E-05 9.9982E-05
0.938926 0.0608738 9.9982E-05 9.9982E-05
0.966578 9.9982E-05 0.0332222 9.9982E-05
0.11028 0.0514098 0.733157 0.105153
0.913113 9.99821E-05 9.99821E-05 0.0866874
0.79328 9.9982E-05 9.9982E-05 0.20652
0.21921 9.9982E-05 9.9982E-05 0.78059
9.9982E-05 0.967901 9.9982E-05 0.0318995
9.9982E-05 9.9982E-05 0.917184 0.082616
9.9982E-05 0.777365 0.222435 9.9982E-05
9.998E-05 9.998E-05 9.998E-05 0.9997
0.435339 0.564462 9.9982E-05 9.9982E-05
0.791619 0.208181 9.99821E-05 9.99821E-05
9.9991E-05 0.77407 0.0929803 0.132849
0.396563 0.603237 9.9982E-05 9.9982E-05
