0.103648 0.739655 9.9991E-05 0.156598
0.0454843 0.954316 9.9982E-05 9.9982E-05
9.9982E-05 0.516434 9.9982E-05 0.483366
9.999E-05 0.657044 0.211518 0.131338
0.280448 9.9982E-05 9.9982E-05 0.719352
9.9991E-05 0.0360543 0.894524 0.0693218
9.9982E-05 9.9982E-05 0.132778 0.867022
9.998E-05 0.9997 9.998E-05 9.998E-05
0.490148 9.9982E-05 0.509652 9.9982E-05
0.240302 9.9982E-05 9.9982E-05 0.759498
9.99821E-05 9.99821E-05 0.00207842 0.997722
9.9982E-05 0.932705 0.0670952 9.9982E-05
0.404805 9.9991E-05 0.0866614 0.508433
9.999E-05 0.182543 0.0246164 0.792741
0.553935 9.9982E-05 9.9982E-05 0.445865
0.951669 0.0481312 9.99821E-05 9.99821E-05
9.9982E-05 0.925411 0.0743887 9.9982E-05
0.35541 9.9991E-05 0.320244 0.324246
9.998E-05 9.998E-05 0.9997 9.998E-05
0.92006 0.0216136 0.058226 9.9991E-05
0.78348 0.0720285 0.144391 9.9991E-05
0.47214 0.161009 0.366751 9.9991E-05
0.872161 9.9991E-05 0.0356322 0.0921066
0.128202 0.459202 0.134987 0.277609
9.9991E-05 0.132217 0.0259001 0.841783
0.716223 9.9982E-05 9.9982E-05 0.283577
9.9991E-05 0.719874 0.0184488 0.261577
0.0770374 9.9991E-05 0.63138 0.291483
0.0109072 0.988893 9.99821E-05 9.99821E-05
9.99821E-05 0.31212 0.68768 9.99821E-05
9.9982E-05 0.00924092 9.9982E-05 0.990559
9.998E-05 9.998E-05 9.998E-05 0.9997
0.0197111 9.9982E-05 9.9982E-05 0.980089
9.9982E-05 9.9982E-05 0.96458 0.0352205
9.9991E-05 0.852044 0.125518 0.0223381
0.840146 9.9982E-05 0.159654 9.9982E-05
0.208311 9.9982E-05 0.791489 9.9982E-05
0.0451728 9.9991E-05 0.938232 0.0164949
9.9991E-05 0.0455434 0.220849 0.733508
9.9991E-05 0.0477377 0.881253 0.070909
9.9982E-05 0.19814 0.80166 9.9982E-05
9.9982E-05 0.865921 0.133879 9.9982E-05
0.998215 0.00158505 9.99821E-05 9.99821E-05
9.9982E-05 0.163103 9.9982E-05 0.836697
0.65475 9.9982E-05 9.9982E-05 0.34505
0.0280861 0.971714 9.99821E-05 9.99821E-05
0.717746 9.9982E-05 0.282054 9.9982E-05
0.255555 9.99821E-05 0.744245 9.99821E-05
0.633557 0.0349963 9.9991E-05 0.331346
0.637137 0.00287439 0.356289 0.00369941
