0.74686 0.107579 0.145461 9.9991E-05
0.967518 0.0322822 9.9982E-05 9.9982E-05
0.542216 9.9982E-05 0.457584 9.9982E-05
0.700763 9.9991E-05 0.0849611 0.214176
9.9982E-05 0.495574 0.504226 9.9982E-05
0.0237204 9.9991E-05 0.0614405 0.914739
9.999E-05 0.0135557 0.869226 0.117119
0.96917 0.00416507 0.0265645 9.9991E-05
9.99821E-05 0.169408 9.99821E-05 0.830392
9.9982E-05 0.28866 0.71114 9.9982E-05
9.99821E-05 0.0144291 0.985371 9.99821E-05
0.910106 0.00907224 9.9991E-05 0.0807213
0.00384244 0.461182 0.442457 0.0925184
0.163915 9.9991E-05 0.808676 0.0273082
9.9982E-05 0.688224 0.311576 9.9982E-05
9.9991E-05 0.769387 0.0456193 0.184894
0.972464 9.9982E-05 9.9982E-05 0.0273363
9.9991E-05 0.391331 0.234278 0.374292
0.0371561 9.9982E-05 9.9982E-05 0.962644
9.9982E-05 0.839133 9.9982E-05 0.160667
0.00949299 0.703555 9.9991E-05 0.286853
0.171595 0.262235 9.9991E-05 0.56607
9.9991E-05 0.829266 0.0345315 0.136103
0.501148 0.0792539 0.241287 0.178312
0.0269432 9.9991E-05 0.823043 0.149914
9.9982E-05 0.787768 0.212032 9.9982E-05
0.72256 9.9991E-05 0.270544 0.00679565
9.9991E-05 0.153695 0.222472 0.623733
0.956769 0.0430312 9.99821E-05 9.99821E-05
0.416059 9.99821E-05 9.99821E-05 0.583741
9.998E-05 9.998E-05 0.9997 9.998E-05
9.998E-05 9.998E-05 0.9997 9.998E-05
9.9982E-05 0.0914803 0.90832 9.9982E-05
9.9982E-05 9.9982E-05 0.0791694 0.920631
0.902952 9.9991E-05 0.0287555 0.0681926
9.9982E-05 0.685704 9.9982E-05 0.314096
9.9982E-05 0.0430826 9.9982E-05 0.956717
0.0667905 9.9991E-05 0.0186504 0.914459
0.00670518 9.9991E-05 0.777589 0.215606
0.15398 9.99821E-05 9.99821E-05 0.84582
0.263556 9.9982E-05 9.9982E-05 0.736244
0.915822 9.9982E-05 9.9982E-05 0.0839781
0.0404982 0.959302 9.99821E-05 9.99821E-05
0.114903 9.9982E-05 0.884897 9.9982E-05
9.9982E-05 0.793073 0.206728 9.9982E-05
0.9997 9.998E-05 9.998E-05 9.998E-05
9.9982E-05 0.567956 9.9982E-05 0.431844
9.99821E-05 0.107295 9.99821E-05 0.892505
0.0834005 0.77921 0.13729 9.9991E-05
9.9982E-05 0.534734 9.9982E-05 0.465066
