0.212244 0.740774 0.046882 9.9991E-05
9.998E-05 0.9997 9.998E-05 9.998E-05
0.510134 0.489666 9.9982E-05 9.9982E-05
0.111632 0.643804 9.9991E-05 0.244464
0.661861 9.9982E-05 0.337939 9.9982E-05
0.0646572 0.0411394 9.9991E-05 0.894103
0.904551 9.9982E-05 9.9982E-05 0.0952489
0.0391146 0.960685 9.99821E-05 9.99821E-05
9.9982E-05 9.9982E-05 0.217258 0.782542
0.724101 9.9982E-05 0.275699 9.9982E-05
0.970145 9.99821E-05 0.0296547 9.99821E-05
9.9982E-05 0.972539 9.9982E-05 0.0272612
0.386516 0.0587011 0.554683 9.9991E-05
0.835851 0.0997765 9.9991E-05 0.0642726
0.371962 9.9982E-05 0.627838 9.9982E-05
9.99821E-05 9.99821E-05 0.897446 0.102354
9.9982E-05 0.940708 9.9982E-05 0.0590923
0.268604 9.9991E-05 0.412553 0.318743
9.9982E-05 0.0741649 9.9982E-05 0.925635
9.99821E-05 9.99821E-05 0.81436 0.18544
9.9982E-05 9.9982E-05 0.833545 0.166256
9.9991E-05 0.0654898 0.409559 0.524851
0.064439 9.9991E-05 0.862071 0.0733899
0.279855 0.431383 0.0346576 0.254104
0.809299 0.0784962 9.9991E-05 0.112105
0.181168 9.9982E-05 0.818632 9.9982E-05
0.308135 0.600314 9.9991E-05 0.0914514
0.240112 9.9991E-05 0.130074 0.629714
9.99821E-05 0.993073 0.00672738 9.99821E-05
9.99821E-05 0.303356 9.99821E-05 0.696444
0.96557 0.0342303 9.9982E-05 9.9982E-05
0.9997 9.998E-05 9.998E-05 9.998E-05
0.897211 9.9982E-05 0.102589 9.9982E-05
0.0723886 9.9982E-05 9.9982E-05 0.927411
0.0499607 0.862488 9.9991E-05 0.0874513
9.9982E-05 9.9982E-05 0.748926 0.250874
9.9982E-05 9.9982E-05 0.136184 0.863616
0.0645702 9.9982E-05 9.9982E-05 0.93523
0.763128 0.0352266 0.0290249 0.17262
9.9991E-05 0.162103 0.0541136 0.783683
9.9982E-05 0.307978 9.9982E-05 0.691822
9.9982E-05 0.902054 9.9982E-05 0.0977463
9.99821E-05 0.00372457 0.996075 9.99821E-05
0.840338 0.159462 9.9982E-05 9.9982E-05
0.222296 9.9982E-05 0.777504 9.9982E-05
9.99821E-05 0.965799 0.0340008 9.99821E-05
9.9982E-05 9.9982E-05 0.616999 0.382801
9.99821E-05 9.99821E-05 0.162841 0.836959
0.182644 0.12371 0.693546 9.9991E-05
9.9982E-05 9.9982E-05 0.645745 0.354055
