0.18384 0.758222 9.9991E-05 0.0578384
9.9982E-05 0.994697 9.9982E-05 0.0051027
0.508879 0.490921 9.9982E-05 9.9982E-05
0.190774 0.585716 0.223411 9.9991E-05
0.542796 9.9982E-05 9.9982E-05 0.457004
0.0804997 0.0713264 0.848074 9.9991E-05
0.852386 9.9991E-05 0.14389 0.00362433
0.10418 0.89562 9.9982E-05 9.9982E-05
9.99821E-05 9.99821E-05 0.899994 0.0998062
0.560805 9.9982E-05 9.9982E-05 0.438995
0.938671 9.99821E-05 9.99821E-05 0.0611286
9.9982E-05 0.921642 0.0781578 9.9982E-05
0.297424 0.131108 9.9991E-05 0.571367
0.913489 0.0329999 0.0534111 9.9991E-05
0.326795 9.9982E-05 9.9982E-05 0.673005
9.9982E-05 9.9982E-05 0.216352 0.783448
9.9982E-05 0.945296 0.0545045 9.9982E-05
0.230118 9.9991E-05 0.343645 0.426137
9.9982E-05 0.0799138 0.919886 9.9982E-05
9.9982E-05 9.9982E-05 0.200975 0.798825
9.9982E-05 9.9982E-05 0.38738 0.61242
9.9991E-05 0.160896 0.510533 0.328472
9.9991E-05 0.0482783 0.0630221 0.8886
0.311725 0.409773 0.212865 0.0656365
0.878134 0.0518106 0.0699556 9.9991E-05
0.144362 9.9982E-05 9.9982E-05 0.855438
0.286598 0.699266 0.0140362 9.9991E-05
0.256826 0.00588198 0.57875 0.158542
9.99821E-05 0.97618 9.99821E-05 0.0236204
9.99821E-05 0.408832 0.590969 9.99821E-05
0.999026 0.000774415 9.9982E-05 9.9982E-05
0.9997 9.998E-05 9.998E-05 9.998E-05
0.871182 9.9982E-05 9.9982E-05 0.128618
0.0424415 9.9982E-05 0.957358 9.9982E-05
0.0783169 0.763415 0.158168 9.9991E-05
9.9982E-05 9.9982E-05 0.375043 0.624757
9.998E-05 9.998E-05 0.9997 9.998E-05
0.112828 9.9982E-05 0.886972 9.9982E-05
0.764923 0.0369739 0.169512 0.0285911
9.99821E-05 0.113992 0.885808 9.99821E-05
9.9982E-05 0.296017 0.703783 9.9982E-05
9.9982E-05 0.907978 0.0918217 9.9982E-05
9.99821E-05 9.99821E-05 0.109493 0.890307
0.902841 0.0969592 9.9982E-05 9.9982E-05
0.163954 9.99821E-05 9.99821E-05 0.835847
9.998E-05 0.9997 9.998E-05 9.998E-05
9.9982E-05 9.9982E-05 0.505182 0.494618
9.99821E-05 9.99821E-05 0.924931 0.0748689
0.0501246 0.133613 9.9991E-05 0.816162
9.9982E-05 9.9982E-05 0.44447 0.55533
