0.70939 0.209498 9.9991E-05 0.0810123
0.991937 9.9982E-05 9.9982E-05 0.0078628
0.478582 0.521218 9.9982E-05 9.9982E-05
0.579876 0.152639 0.267385 9.9991E-05
9.9982E-05 0.526686 9.9982E-05 0.473114
0.0992243 0.0490473 0.851628 9.9991E-05
9.9982E-05 0.836898 0.162902 9.9982E-05
0.945082 0.0422151 9.9991E-05 0.0126029
9.9982E-05 9.9982E-05 0.859514 0.140286
9.9982E-05 0.704222 9.9982E-05 0.295578
9.99821E-05 0.897652 9.99821E-05 0.102148
0.9997 9.998E-05 9.998E-05 9.998E-05
0.0639936 0.400268 9.9991E-05 0.535639
0.0740405 0.856286 0.0695739 9.9991E-05
9.9982E-05 0.328331 9.9982E-05 0.671469
9.9982E-05 9.9982E-05 0.284077 0.715723
0.990926 0.00887449 9.99821E-05 9.99821E-05
9.9991E-05 0.236293 0.421312 0.342295
0.0847564 9.9982E-05 0.915044 9.9982E-05
9.99821E-05 9.99821E-05 0.219618 0.780182
0.0465821 9.9991E-05 0.335351 0.617966
0.0899172 9.9991E-05 0.589182 0.320801
9.9991E-05 0.00485065 0.0778553 0.917194
0.414482 0.319621 0.248419 0.017478
0.117552 0.867051 0.0152977 9.9991E-05
9.9982E-05 0.0598414 9.9982E-05 0.939959
0.533696 0.355929 0.110275 9.9991E-05
9.9991E-05 0.264531 0.612813 0.122556
0.959161 9.99821E-05 9.99821E-05 0.0406394
0.41492 9.99821E-05 0.58488 9.99821E-05
0.0565698 0.94323 9.99821E-05 9.99821E-05
9.998E-05 0.9997 9.998E-05 9.998E-05
9.9982E-05 0.873601 9.9982E-05 0.126199
9.9982E-05 0.111406 0.888394 9.9982E-05
0.806701 0.13276 0.0604387 9.9991E-05
9.9982E-05 9.9982E-05 0.395147 0.604653
9.9982E-05 9.9982E-05 0.947078 0.0527223
0.047181 0.0739782 0.878741 9.9991E-05
0.0845853 0.736815 0.175305 0.00329483
0.326744 9.99821E-05 0.673056 9.99821E-05
0.373551 9.9982E-05 0.626249 9.9982E-05
0.9997 9.998E-05 9.998E-05 9.998E-05
0.0545476 9.9991E-05 0.0723365 0.873016
0.0976946 0.902105 9.9982E-05 9.9982E-05
9.9982E-05 0.124885 9.9982E-05 0.874915
0.984598 9.99821E-05 9.99821E-05 0.0152019
9.9982E-05 9.9982E-05 0.551602 0.448198
9.99821E-05 9.99821E-05 0.984566 0.0152337
0.149431 0.0249916 9.9991E-05 0.825477
9.9982E-05 9.9982E-05 0.493067 0.506733
