0.234225 0.754111 0.0116633
0.0450748 0.954825 9.9991E-05
0.563079 0.436821 9.9991E-05
0.142096 0.821995 0.0359089
0.807556 9.9991E-05 0.192344
9.999E-05 0.524192 0.475708
0.882888 0.0573718 0.0597398
0.131435 0.868465 9.9991E-05
9.9991E-05 0.0825096 0.91739
0.909003 9.9991E-05 0.0908971
0.982252 9.99911E-05 0.0176476
9.999E-05 0.9998 9.999E-05
0.620573 9.9991E-05 0.379328
0.819519 0.180381 9.9991E-05
0.650832 9.9991E-05 0.349068
0.153818 9.9991E-05 0.846082
0.00653288 0.993367 9.9991E-05
0.409182 0.0360597 0.554758
9.9991E-05 0.599731 0.400169
0.0107622 9.9991E-05 0.989138
0.107868 9.9991E-05 0.892032
9.9991E-05 0.299141 0.700759
0.228311 9.9991E-05 0.771589
0.286853 0.5398 0.173347
0.859178 0.140722 9.9991E-05
0.583365 9.9991E-05 0.416535
0.319082 0.680818 9.9991E-05
0.201149 0.27185 0.527
9.999E-05 0.9998 9.999E-05
9.9991E-05 0.726126 0.273774
0.9998 9.999E-05 9.999E-05
0.9998 9.999E-05 9.999E-05
0.9998 9.999E-05 9.999E-05
9.9991E-05 0.436437 0.563463
0.0672698 0.93263 9.9991E-05
0.0320921 9.9991E-05 0.967808
9.9991E-05 0.318863 0.681037
9.9991E-05 0.490431 0.509469
0.740884 0.174191 0.0849253
9.9991E-05 0.50233 0.49757
9.9991E-05 0.75989 0.24001
9.999E-05 0.9998 9.999E-05
9.999E-05 9.999E-05 0.9998
0.921721 0.0781791 9.9991E-05
0.559503 9.9991E-05 0.440397
0.0591482 0.940752 9.9991E-05
9.999E-05 9.999E-05 0.9998
9.9991E-05 0.226143 0.773757
0.47273 9.9991E-05 0.52717
0.0366991 0.00957459 0.953726
