0.690718 9.9991E-05 0.309182
0.960555 9.9991E-05 0.0393448
0.455384 9.9991E-05 0.544516
0.839725 0.0129388 0.147336
9.9991E-05 0.218167 0.781733
0.536201 0.463699 9.9991E-05
0.0940608 0.111987 0.793952
0.924737 9.9991E-05 0.075163
0.12558 0.87432 9.9991E-05
9.9991E-05 0.103842 0.896058
9.999E-05 9.999E-05 0.9998
0.9998 9.999E-05 9.999E-05
9.9991E-05 0.392334 0.607566
0.173907 9.9991E-05 0.825993
9.9991E-05 0.401523 0.598377
9.9991E-05 0.941672 0.0582282
0.994463 9.9991E-05 0.0054368
9.9991E-05 0.705402 0.294498
0.655262 0.344638 9.9991E-05
9.9991E-05 0.976248 0.0236524
0.0115579 0.941052 0.0473903
0.340078 0.659822 9.9991E-05
9.9991E-05 0.842302 0.157598
0.573365 0.123938 0.302697
0.181021 9.9991E-05 0.818879
9.9991E-05 0.512462 0.487438
0.653512 9.9991E-05 0.346388
0.400856 0.443306 0.155837
0.99516 9.99911E-05 0.00473985
0.77509 0.22481 9.9991E-05
0.0117447 9.9991E-05 0.988155
9.999E-05 9.999E-05 0.9998
9.999E-05 9.999E-05 0.9998
0.522033 0.477867 9.9991E-05
0.934092 9.9991E-05 0.0658085
9.999E-05 0.9998 9.999E-05
0.353548 0.646352 9.9991E-05
0.53469 0.46521 9.9991E-05
0.123868 0.122474 0.753658
0.690299 0.309601 9.9991E-05
0.832711 0.167189 9.9991E-05
0.9998 9.999E-05 9.999E-05
9.999E-05 0.9998 9.999E-05
0.106077 9.9991E-05 0.893823
9.9991E-05 0.521187 0.478713
0.983657 9.9991E-05 0.016243
9.999E-05 0.9998 9.999E-05
0.299717 0.700183 9.9991E-05
9.9991E-05 0.565476 0.434424
0.0438559 0.92173 0.0344141
