9.9991E-05 0.323734 0.676166
9.999E-05 0.054003 0.945897
9.999E-05 0.537307 0.462593
9.999E-05 0.184681 0.815219
0.211311 0.788589 9.9991E-05
0.446646 9.9991E-05 0.553254
0.115477 0.795628 0.0888952
9.999E-05 0.0529455 0.946954
0.872187 9.9991E-05 0.127713
0.139312 0.860588 9.9991E-05
9.999E-05 0.9998 9.999E-05
9.999E-05 9.999E-05 0.9998
0.406076 0.593824 9.9991E-05
9.9991E-05 0.823198 0.176702
0.358989 0.640911 9.9991E-05
0.919766 0.0801345 9.9991E-05
9.9991E-05 0.0713254 0.928575
0.678164 0.321737 9.9991E-05
0.376207 9.9991E-05 0.623693
0.978833 0.0210672 9.9991E-05
0.934413 0.058211 0.00737643
0.621633 9.9991E-05 0.378267
0.825013 0.174887 9.9991E-05
0.125333 0.332909 0.541758
9.9991E-05 0.794841 0.205059
0.510066 0.489834 9.9991E-05
9.9991E-05 0.276622 0.723278
0.438329 0.184195 0.377475
9.999E-05 9.999E-05 0.9998
0.297221 9.9991E-05 0.702679
9.999E-05 0.9998 9.999E-05
9.999E-05 0.9998 9.999E-05
9.999E-05 0.9998 9.999E-05
0.517041 9.9991E-05 0.482859
9.9991E-05 0.0781357 0.921764
0.9998 9.999E-05 9.999E-05
0.66631 9.9991E-05 0.33359
0.555925 9.9991E-05 0.443975
0.0673999 0.696816 0.235784
0.361561 9.9991E-05 0.638339
0.135313 9.9991E-05 0.864587
9.999E-05 9.999E-05 0.9998
0.981015 0.0188848 9.9991E-05
9.9991E-05 0.859746 0.140154
0.476266 0.523634 9.9991E-05
9.9991E-05 0.0300091 0.969891
0.9998 9.999E-05 9.999E-05
0.75051 9.9991E-05 0.24939
0.585363 0.414537 9.9991E-05
0.853908 0.0820445 0.0640472
