0.641228 0.0291076 0.329664
0.991789 9.9991E-05 0.00811115
0.495927 9.9991E-05 0.503973
0.843527 0.0286264 0.127847
9.9991E-05 0.178583 0.821317
0.428073 0.571827 9.9991E-05
0.083178 0.057532 0.85929
0.962913 9.9991E-05 0.0369873
0.0550544 0.944846 9.9991E-05
9.9991E-05 0.0903062 0.909594
9.999E-05 9.999E-05 0.9998
0.9998 9.999E-05 9.999E-05
9.9991E-05 0.354118 0.645782
0.229314 9.9991E-05 0.770586
9.9991E-05 0.288311 0.711589
9.9991E-05 0.804962 0.194938
0.988145 9.9991E-05 0.0117554
9.9991E-05 0.601703 0.398197
0.477744 0.522156 9.9991E-05
9.9991E-05 0.896789 0.103111
9.9991E-05 0.930803 0.0690973
0.259312 0.740588 9.9991E-05
9.9991E-05 0.736661 0.263239
0.568242 0.143904 0.287854
0.234249 9.9991E-05 0.765651
9.9991E-05 0.451514 0.548386
0.802236 9.9991E-05 0.197664
0.251759 0.49151 0.256731
0.9574 9.99911E-05 0.0425004
0.646099 0.353801 9.9991E-05
0.0553469 9.9991E-05 0.944553
9.999E-05 9.999E-05 0.9998
9.999E-05 9.999E-05 0.9998
0.410389 0.589511 9.9991E-05
0.981088 9.9991E-05 0.0188117
9.9991E-05 0.971223 0.0286773
0.320863 0.679037 9.9991E-05
0.45847 0.54143 9.9991E-05
0.261142 9.9991E-05 0.738758
0.515991 0.483909 9.9991E-05
0.751414 0.248486 9.9991E-05
0.9998 9.999E-05 9.999E-05
9.9991E-05 0.852159 0.147741
0.157222 9.9991E-05 0.842678
9.9991E-05 0.402857 0.597043
0.953311 0.040329 0.00635953
9.999E-05 0.9998 9.999E-05
0.155061 0.844839 9.9991E-05
0.00492614 0.477631 0.517442
0.0343335 0.907268 0.0583987
