0.235417 0.764161 0.000421916
9.999E-05 0.9998 9.999E-05
0.439222 0.560678 9.9991E-05
0.108525 0.874514 0.0169609
0.859874 9.9991E-05 0.140026
9.999E-05 0.45383 0.54607
0.839702 0.0325527 0.127745
0.0107456 0.989154 9.9991E-05
9.9991E-05 0.062352 0.937548
0.9998 9.999E-05 9.999E-05
0.9998 9.999E-05 9.999E-05
9.999E-05 0.9998 9.999E-05
0.671748 9.9991E-05 0.328152
0.827388 0.172512 9.9991E-05
0.716166 9.9991E-05 0.283734
0.230948 9.9991E-05 0.768952
0.023595 0.976305 9.9991E-05
0.427442 9.9991E-05 0.572458
9.9991E-05 0.517576 0.482324
0.105042 9.9991E-05 0.894858
0.0831843 9.9991E-05 0.916716
9.9991E-05 0.263774 0.736126
0.279109 9.9991E-05 0.720791
0.290668 0.596895 0.112436
0.733018 0.266882 9.9991E-05
0.594864 9.9991E-05 0.405036
0.206741 0.793159 9.9991E-05
0.225557 0.316486 0.457957
9.999E-05 0.9998 9.999E-05
9.9991E-05 0.681514 0.318386
0.938518 0.0613818 9.9991E-05
0.9998 9.999E-05 9.999E-05
0.9998 9.999E-05 9.999E-05
9.9991E-05 0.408583 0.591317
0.0650699 0.93483 9.9991E-05
0.0607309 9.9991E-05 0.939169
9.9991E-05 0.297341 0.702559
9.9991E-05 0.432918 0.566982
0.730663 0.180729 0.0886075
9.9991E-05 0.513445 0.486455
9.9991E-05 0.683386 0.316514
9.999E-05 0.9998 9.999E-05
0.141959 9.9991E-05 0.857941
0.777491 0.222409 9.9991E-05
0.649542 9.9991E-05 0.350358
9.999E-05 0.9998 9.999E-05
9.999E-05 9.999E-05 0.9998
9.9991E-05 0.166297 0.833603
0.48375 9.9991E-05 0.51615
0.170955 9.9991E-05 0.828945
