0.0065284 0.296311 0.697161
9.999E-05 0.0151358 0.984764
9.999E-05 0.495031 0.504869
9.999E-05 0.206715 0.793185
0.151711 0.848189 9.9991E-05
0.499119 9.9991E-05 0.500781
0.0495328 0.849165 0.101302
9.999E-05 0.0884539 0.911446
0.931833 9.9991E-05 0.0680673
0.0465723 0.953328 9.9991E-05
9.999E-05 0.9998 9.999E-05
9.999E-05 9.999E-05 0.9998
0.375622 0.624278 9.9991E-05
9.9991E-05 0.818081 0.181819
0.330539 0.669361 9.9991E-05
0.852185 0.147715 9.9991E-05
9.9991E-05 0.0655092 0.934391
0.6067 0.3932 9.9991E-05
0.380332 9.9991E-05 0.619568
0.903427 0.0964731 9.9991E-05
0.924102 0.0757985 9.9991E-05
0.736978 9.9991E-05 0.262922
0.76494 0.23496 9.9991E-05
0.0821247 0.300838 0.617037
9.9991E-05 0.783746 0.216154
0.486306 0.513594 9.9991E-05
9.9991E-05 0.221978 0.777922
0.539376 0.262236 0.198388
9.999E-05 9.999E-05 0.9998
0.304717 9.9991E-05 0.695183
9.9991E-05 0.922773 0.0771268
9.999E-05 0.9998 9.999E-05
9.999E-05 0.9998 9.999E-05
0.532445 9.9991E-05 0.467455
9.9991E-05 0.041874 0.958026
0.936839 0.0630609 9.9991E-05
0.670272 9.9991E-05 0.329628
0.547176 9.9991E-05 0.452724
0.0500851 0.784014 0.165901
0.462027 9.9991E-05 0.537873
0.267531 9.9991E-05 0.732369
9.999E-05 9.999E-05 0.9998
0.918073 0.0818273 9.9991E-05
9.9991E-05 0.829178 0.170722
0.444563 0.555337 9.9991E-05
9.9991E-05 0.00811366 0.991786
0.9998 9.999E-05 9.999E-05
0.779267 9.9991E-05 0.220633
0.561804 0.438096 9.9991E-05
0.855752 0.0651591 0.079089
