0.322832 9.9991E-05 0.677068
0.0242864 0.00637836 0.969335
0.469708 9.9991E-05 0.530192
0.169777 9.9991E-05 0.830123
0.787812 0.212088 9.9991E-05
9.999E-05 0.511038 0.488862
0.866453 0.0597145 0.0738322
0.0711699 9.9991E-05 0.92873
9.9991E-05 0.967885 0.0320149
0.934678 0.0652224 9.9991E-05
0.9998 9.999E-05 9.999E-05
9.999E-05 9.999E-05 0.9998
0.717251 0.282649 9.9991E-05
0.816764 9.9991E-05 0.183136
0.631444 0.368456 9.9991E-05
0.170493 0.829407 9.9991E-05
0.040822 9.9991E-05 0.959078
0.354528 0.645372 9.9991E-05
9.9991E-05 0.417168 0.582732
0.0778888 0.922011 9.9991E-05
0.0634444 0.936456 9.9991E-05
9.9991E-05 0.70499 0.29491
0.264674 0.735226 9.9991E-05
0.289054 0.155354 0.555592
0.784068 9.9991E-05 0.215832
0.513662 0.486238 9.9991E-05
0.247295 9.9991E-05 0.752605
0.267567 0.479904 0.252529
0.0509048 9.99911E-05 0.948995
9.9991E-05 0.275007 0.724893
0.969251 9.9991E-05 0.0306488
0.9998 9.999E-05 9.999E-05
0.9998 9.999E-05 9.999E-05
9.9991E-05 0.546281 0.453619
0.0533125 9.9991E-05 0.946588
0.0338716 0.966028 9.9991E-05
9.9991E-05 0.692773 0.307127
9.9991E-05 0.493702 0.506198
0.756938 0.144314 0.0987481
9.9991E-05 0.492455 0.507445
9.9991E-05 0.221246 0.778654
9.999E-05 9.999E-05 0.9998
0.0687539 0.931146 9.9991E-05
0.81742 9.9991E-05 0.18248
0.564202 0.435698 9.9991E-05
9.999E-05 9.999E-05 0.9998
9.999E-05 0.9998 9.999E-05
9.9991E-05 0.754122 0.245778
0.450866 0.549034 9.9991E-05
0.0770118 0.90058 0.0224078
