0.664555 0.266954 0.0684909
0.960618 9.9991E-05 0.0392824
0.484767 0.515133 9.9991E-05
0.763734 0.157193 0.0790723
9.9991E-05 0.83529 0.16461
0.459314 9.9991E-05 0.540586
0.0404452 0.871892 0.0876627
0.935331 0.0645691 9.9991E-05
0.0908238 9.9991E-05 0.909076
9.9991E-05 0.978461 0.021439
9.999E-05 0.9998 9.999E-05
0.9998 9.999E-05 9.999E-05
9.9991E-05 0.638288 0.361612
0.160896 0.839004 9.9991E-05
9.9991E-05 0.694543 0.305357
9.9991E-05 0.221294 0.778606
0.937584 0.0623156 9.9991E-05
9.9991E-05 0.426666 0.573234
0.524676 9.9991E-05 0.475224
9.9991E-05 0.114502 0.885398
9.9991E-05 0.108689 0.891211
0.256733 9.9991E-05 0.743167
9.9991E-05 0.260914 0.738986
0.537623 0.297531 0.164847
0.246637 0.753263 9.9991E-05
9.9991E-05 0.537874 0.462026
0.742451 0.257449 9.9991E-05
0.297752 0.221085 0.481164
0.983531 0.0163694 9.99911E-05
0.656608 9.9991E-05 0.343292
0.0411297 0.95877 9.9991E-05
9.999E-05 0.9998 9.999E-05
9.999E-05 0.9998 9.999E-05
0.35965 9.9991E-05 0.64025
0.959887 0.0400128 9.9991E-05
9.9991E-05 0.0959693 0.903931
0.307185 9.9991E-05 0.692715
0.415535 9.9991E-05 0.584365
0.208999 0.717391 0.0736093
0.499301 9.9991E-05 0.500599
0.720826 9.9991E-05 0.279074
0.9998 9.999E-05 9.999E-05
9.9991E-05 0.142011 0.857889
0.222047 0.777853 9.9991E-05
9.9991E-05 0.64053 0.35937
0.9998 9.999E-05 9.999E-05
9.999E-05 9.999E-05 0.9998
0.172189 9.9991E-05 0.827711
9.9991E-05 0.481941 0.517959
0.0227737 0.0728667 0.90436
