0.0747398 0.137411 9.9991E-05 0.787749
9.998E-05 9.998E-05 9.998E-05 0.9997
9.9982E-05 0.443663 9.9982E-05 0.556137
9.999E-05 0.104881 0.233802 0.661216
0.37537 0.62443 9.9982E-05 9.9982E-05
9.9991E-05 0.0429313 0.921339 0.0356294
9.9982E-05 0.847652 0.152148 9.9982E-05
0.0160887 0.0194478 9.9991E-05 0.964364
0.386414 9.9982E-05 0.613386 9.9982E-05
0.207057 0.792743 9.9982E-05 9.9982E-05
0.0183653 0.981435 9.99821E-05 9.99821E-05
9.9982E-05 9.9982E-05 0.045812 0.953988
0.427939 0.484666 0.0342678 0.0531269
9.99821E-05 0.799287 9.99821E-05 0.200513
0.52815 0.47165 9.99821E-05 9.99821E-05
0.859725 9.9991E-05 0.101849 0.0383259
9.9982E-05 9.9982E-05 0.042113 0.957687
0.378534 0.348863 0.272503 9.9991E-05
9.9982E-05 9.9982E-05 0.984763 0.0150372
0.928814 9.99821E-05 0.070986 9.99821E-05
0.717238 9.9991E-05 0.20638 0.0762822
0.387478 9.9991E-05 0.542253 0.0701686
0.923939 0.0422762 0.0268036 0.00698074
0.220484 0.167866 0.0439192 0.567732
9.9991E-05 0.790179 0.0466547 0.163066
0.745831 0.253969 9.9982E-05 9.9982E-05
9.99821E-05 0.192409 9.99821E-05 0.807392
0.0304196 0.3161 0.653381 9.9991E-05
0.0267812 9.99821E-05 9.99821E-05 0.973019
9.99821E-05 9.99821E-05 0.676296 0.323504
9.9982E-05 0.976812 9.9982E-05 0.0229884
9.998E-05 0.9997 9.998E-05 9.998E-05
0.0241625 0.975638 9.9982E-05 9.9982E-05
0.00029048 0.0480784 0.951531 9.9991E-05
9.9991E-05 0.0117244 0.134428 0.853748
0.78835 9.9982E-05 0.21145 9.9982E-05
0.110741 9.9982E-05 0.889059 9.9982E-05
9.9982E-05 0.072074 0.927726 9.9982E-05
9.9991E-05 0.808405 0.13427 0.0572254
9.9991E-05 0.0262153 0.929336 0.0443483
9.9982E-05 9.9982E-05 0.766299 0.233501
9.9982E-05 9.9982E-05 0.145498 0.854302
0.9997 9.998E-05 9.998E-05 9.998E-05
9.9982E-05 0.925054 9.9982E-05 0.0747463
0.736739 0.263061 9.9982E-05 9.9982E-05
0.0335585 9.99821E-05 9.99821E-05 0.966242
0.653432 9.9982E-05 0.346368 9.9982E-05
0.128474 9.99821E-05 0.871326 9.99821E-05
0.691315 0.230816 9.9991E-05 0.0777686
0.646112 9.9982E-05 0.353688 9.9982E-05
