0.0847865 0.247637 9.9991E-05 0.667476
0.0726532 9.9982E-05 9.9982E-05 0.927147
9.9982E-05 0.493192 9.9982E-05 0.506608
9.9991E-05 0.156937 0.254471 0.588492
0.318005 0.681795 9.9982E-05 9.9982E-05
9.9991E-05 0.0406635 0.942436 0.0168006
0.00155057 0.84672 0.151629 9.9991E-05
9.9982E-05 0.115257 9.9982E-05 0.884543
0.315047 9.9982E-05 0.684753 9.9982E-05
0.208912 0.790888 9.9982E-05 9.9982E-05
9.998E-05 0.9997 9.998E-05 9.998E-05
9.9982E-05 9.9982E-05 0.0863572 0.913443
0.398144 0.563036 0.0387203 9.9991E-05
9.999E-05 0.816251 0.0532484 0.1304
0.56937 0.43043 9.9982E-05 9.9982E-05
0.873667 9.9991E-05 0.101323 0.0249102
9.9991E-05 0.00764248 0.0706016 0.921656
0.45236 0.290271 0.257269 9.9991E-05
9.9982E-05 9.9982E-05 0.929922 0.0698776
0.974042 9.9991E-05 0.0135935 0.0122644
0.765323 9.9991E-05 0.207264 0.0273136
0.361411 9.9991E-05 0.517505 0.120985
0.892378 0.0649789 0.0425435 9.9991E-05
0.106636 0.211102 0.244766 0.437497
9.9991E-05 0.817638 0.135941 0.0463213
0.711055 0.288745 9.9982E-05 9.9982E-05
9.9991E-05 0.288845 0.06566 0.645395
0.119651 0.295455 0.584794 9.9991E-05
0.00595771 9.99821E-05 9.99821E-05 0.993842
9.99821E-05 9.99821E-05 0.664076 0.335724
9.9982E-05 0.938923 9.9982E-05 0.0608775
9.998E-05 0.9997 9.998E-05 9.998E-05
0.0142677 0.985532 9.9982E-05 9.9982E-05
9.9982E-05 0.0416461 0.958154 9.9982E-05
9.9991E-05 0.0436948 0.161113 0.795092
0.792825 9.9982E-05 0.206975 9.9982E-05
0.119973 9.9982E-05 0.879827 9.9982E-05
9.9982E-05 0.0127181 0.987082 9.9982E-05
0.168624 0.621776 0.00324468 0.206355
9.99821E-05 9.99821E-05 0.86405 0.13575
9.9982E-05 9.9982E-05 0.766557 0.233243
9.9982E-05 9.9982E-05 0.171789 0.828011
0.9997 9.998E-05 9.998E-05 9.998E-05
9.9982E-05 0.83712 9.9982E-05 0.16268
0.64316 0.35664 9.9982E-05 9.9982E-05
0.0228359 9.99821E-05 9.99821E-05 0.976964
0.6785 9.9982E-05 0.3213 9.9982E-05
0.155348 9.99821E-05 0.844452 9.99821E-05
0.699051 0.189796 9.9991E-05 0.111052
0.648041 9.9982E-05 0.351759 9.9982E-05
