0.724856 0.0439504 0.226552 0.00464222
0.9997 9.998E-05 9.998E-05 9.998E-05
0.368054 9.9982E-05 0.631746 9.9982E-05
0.730006 0.0118216 0.221272 0.0369001
9.9982E-05 0.856507 0.143293 9.9982E-05
0.281772 9.9991E-05 0.0355485 0.68258
9.999E-05 0.147028 0.715736 0.137137
0.860596 9.99821E-05 0.139204 9.99821E-05
9.998E-05 9.998E-05 9.998E-05 0.9997
9.9982E-05 0.766921 0.232879 9.9982E-05
9.99821E-05 0.341027 0.658774 9.99821E-05
0.9997 9.998E-05 9.998E-05 9.998E-05
0.0525693 0.683397 0.16939 0.0946441
0.0631658 0.0587056 0.839099 0.0390297
9.9991E-05 0.936646 0.0124243 0.0508301
9.9991E-05 0.160052 0.173787 0.666061
0.98111 9.9982E-05 0.0186899 9.9982E-05
9.9991E-05 0.326238 0.144498 0.529164
0.379342 9.9982E-05 9.9982E-05 0.620458
9.9982E-05 0.375553 9.9982E-05 0.624247
0.0023975 0.363015 9.9991E-05 0.634488
0.286622 0.128555 9.9991E-05 0.584723
9.9982E-05 0.509574 9.9982E-05 0.490226
0.555465 0.120999 0.187251 0.136285
0.0342016 9.9991E-05 0.940823 0.0248754
9.9982E-05 0.906453 9.9982E-05 0.0933466
0.671084 9.9982E-05 0.328716 9.9982E-05
0.212574 0.240207 0.0732743 0.473945
0.9997 9.998E-05 9.998E-05 9.998E-05
0.612352 9.99821E-05 9.99821E-05 0.387448
9.998E-05 9.998E-05 0.9997 9.998E-05
9.998E-05 9.998E-05 0.9997 9.998E-05
9.9982E-05 0.511634 0.488166 9.9982E-05
0.200431 9.9991E-05 0.0798769 0.719592
0.947174 9.9982E-05 0.0526261 9.9982E-05
9.9982E-05 0.153996 9.9982E-05 0.845804
0.182873 9.9982E-05 9.9982E-05 0.816927
0.278291 9.9991E-05 0.0302496 0.691359
0.083474 0.161169 0.626138 0.129219
0.430782 0.044194 9.9991E-05 0.524924
0.563463 9.9982E-05 9.9982E-05 0.436337
0.9997 9.998E-05 9.998E-05 9.998E-05
9.99821E-05 0.558342 9.99821E-05 0.441458
0.046085 9.9982E-05 0.953715 9.9982E-05
9.998E-05 0.9997 9.998E-05 9.998E-05
0.954004 9.99821E-05 0.0457957 9.99821E-05
9.9982E-05 0.0342039 9.9982E-05 0.965596
0.0156423 9.99821E-05 9.99821E-05 0.984158
0.126807 0.7462 9.9991E-05 0.126893
9.99821E-05 0.243188 9.99821E-05 0.756612
