0.133792 0.117393 9.9991E-05 0.748715
0.0342955 9.9982E-05 9.9982E-05 0.965505
9.9982E-05 0.488948 9.9982E-05 0.510852
9.999E-05 0.118451 0.223574 0.657875
0.393154 0.606646 9.9982E-05 9.9982E-05
9.9982E-05 0.0580331 0.941767 9.9982E-05
0.0298645 0.863811 0.106225 9.9991E-05
9.998E-05 9.998E-05 9.998E-05 0.9997
0.316293 9.9982E-05 0.683507 9.9982E-05
0.229579 0.770221 9.9982E-05 9.9982E-05
0.0525711 0.947229 9.99821E-05 9.99821E-05
9.9982E-05 9.9982E-05 0.0395494 0.960251
0.482033 0.497718 0.0201487 9.9991E-05
9.999E-05 0.893063 0.0277318 0.0791051
0.586975 0.412825 9.9982E-05 9.9982E-05
0.803959 0.00448939 0.191451 9.9991E-05
9.99821E-05 9.99821E-05 0.0403742 0.959426
0.365095 0.311944 0.32286 9.9991E-05
9.9982E-05 9.9982E-05 0.980458 0.0193424
0.922025 9.9982E-05 0.0777746 9.9982E-05
0.758061 9.9991E-05 0.216552 0.0252871
0.363771 9.9991E-05 0.480989 0.15514
0.885065 0.06396 0.0508754 9.9991E-05
0.191147 0.194274 0.0524038 0.562175
0.00523546 0.747577 0.0531769 0.194011
0.737877 0.261923 9.9982E-05 9.9982E-05
9.9991E-05 0.274455 0.0200051 0.70544
0.123153 0.312594 0.564153 9.9991E-05
0.0509055 9.99821E-05 9.99821E-05 0.948895
9.99821E-05 9.99821E-05 0.569651 0.430149
9.998E-05 0.9997 9.998E-05 9.998E-05
9.998E-05 0.9997 9.998E-05 9.998E-05
0.0240928 0.975707 9.9982E-05 9.9982E-05
9.9982E-05 0.0429582 0.956842 9.9982E-05
9.9991E-05 0.0524084 0.0811193 0.866372
0.729476 9.9982E-05 0.270324 9.9982E-05
0.0675613 9.9982E-05 0.932239 9.9982E-05
0.0123738 0.0614797 0.901446 0.0247008
9.9991E-05 0.793501 0.200604 0.00579518
9.9991E-05 0.0260802 0.887177 0.0866423
9.9982E-05 9.9982E-05 0.698127 0.301673
9.9982E-05 9.9982E-05 0.0805046 0.919295
0.9997 9.998E-05 9.998E-05 9.998E-05
9.9982E-05 0.90669 9.9982E-05 0.0931104
0.741523 0.258277 9.9982E-05 9.9982E-05
9.998E-05 9.998E-05 9.998E-05 0.9997
0.542403 9.9982E-05 0.457397 9.9982E-05
0.0116687 9.99821E-05 0.988131 9.99821E-05
0.757147 0.101079 9.9991E-05 0.141674
0.531833 9.9982E-05 0.467967 9.9982E-05
