0.749608 0.109796 9.9991E-05 0.140497
0.948899 0.0509006 9.9982E-05 9.9982E-05
0.511266 9.9982E-05 9.9982E-05 0.488534
0.602378 9.9991E-05 0.26896 0.128562
9.9982E-05 0.33695 9.9982E-05 0.66285
0.03651 9.9991E-05 0.939285 0.0241046
9.999E-05 0.00668793 0.120038 0.873175
0.965565 9.99821E-05 9.99821E-05 0.0342352
9.9982E-05 0.291501 0.708299 9.9982E-05
9.9982E-05 0.177647 9.9982E-05 0.822153
9.998E-05 9.998E-05 9.998E-05 0.9997
0.760161 9.9982E-05 0.239639 9.9982E-05
9.999E-05 0.446233 0.0656256 0.488042
0.14967 9.9991E-05 0.0147254 0.835504
9.9982E-05 0.516994 9.9982E-05 0.482806
9.9991E-05 0.827324 0.150728 0.0218485
0.885934 9.9982E-05 0.113866 9.9982E-05
9.9991E-05 0.408698 0.291883 0.299318
9.998E-05 9.998E-05 0.9997 9.998E-05
9.99821E-05 0.971135 0.0286653 9.99821E-05
9.9982E-05 0.845921 0.153879 9.9982E-05
0.127478 0.35571 0.516712 9.9991E-05
9.9991E-05 0.866746 0.0308578 0.102296
0.469489 0.172172 0.146872 0.211468
0.0905191 9.9991E-05 0.169685 0.739696
9.9982E-05 0.740958 9.9982E-05 0.258842
0.709229 9.9991E-05 0.00454075 0.28613
0.0386942 0.261487 0.532205 0.167614
0.992259 0.00754061 9.99821E-05 9.99821E-05
0.361217 9.99821E-05 0.638583 9.99821E-05
0.0156982 9.9982E-05 9.9982E-05 0.984102
9.998E-05 9.998E-05 9.998E-05 0.9997
9.998E-05 9.998E-05 9.998E-05 0.9997
9.9982E-05 9.9982E-05 0.923618 0.0761821
0.84692 9.9991E-05 0.108702 0.0442778
9.9982E-05 0.796898 0.202902 9.9982E-05
9.9982E-05 0.132759 0.867041 9.9982E-05
9.9982E-05 9.9982E-05 0.95778 0.0420202
0.0270112 9.9991E-05 0.165217 0.807672
0.0524082 0.0128855 0.932829 0.00187722
0.23627 9.9982E-05 0.763531 9.9982E-05
0.84506 9.9982E-05 0.15474 9.9982E-05
0.0406786 0.959121 9.99821E-05 9.99821E-05
0.103379 9.9982E-05 9.9982E-05 0.896421
9.9982E-05 0.635162 9.9982E-05 0.364638
0.9997 9.998E-05 9.998E-05 9.998E-05
9.9982E-05 0.662864 0.336936 9.9982E-05
9.99821E-05 0.0963676 0.903432 9.99821E-05
0.045889 0.728767 9.9991E-05 0.225244
9.99821E-05 0.638911 0.360889 9.99821E-05
