9.9991E-05 0.097747 0.713343 0.18881
9.998E-05 9.998E-05 0.9997 9.998E-05
9.9982E-05 0.427376 0.572424 9.9982E-05
0.250874 0.154569 0.594456 9.9991E-05
9.9982E-05 0.751665 9.9982E-05 0.248135
0.926541 0.0385851 0.0347742 9.9991E-05
0.0885575 0.821416 0.0420184 0.0480084
9.999E-05 0.048873 0.943233 0.00779427
0.622126 9.9982E-05 9.9982E-05 0.377674
9.9982E-05 0.840444 9.9982E-05 0.159356
9.99821E-05 0.989612 9.99821E-05 0.0101883
0.106282 9.9982E-05 0.893518 9.9982E-05
0.100751 0.554963 9.9991E-05 0.344186
0.040881 0.820696 0.138323 9.9991E-05
9.9982E-05 0.556284 9.9982E-05 0.443516
0.0654843 0.0113865 9.9991E-05 0.923029
0.0929036 9.9982E-05 0.906896 9.9982E-05
0.304597 0.2914 9.9991E-05 0.403903
0.973077 9.9982E-05 0.026723 9.9982E-05
0.0281772 9.9991E-05 0.00440914 0.967314
0.109131 9.9991E-05 0.0156561 0.875113
0.517082 9.9991E-05 0.0501759 0.432642
0.025854 0.0726561 9.9991E-05 0.90139
0.091276 0.200834 0.539936 0.167954
0.0881623 0.8342 0.0775382 9.9991E-05
9.9982E-05 0.389036 9.9982E-05 0.610764
0.0553937 0.269768 0.674738 9.9991E-05
0.572601 0.271557 9.9991E-05 0.155742
9.99821E-05 9.99821E-05 0.980275 0.0195254
0.668181 9.9991E-05 0.309912 0.0218071
9.9982E-05 0.957791 0.0420091 9.9982E-05
9.998E-05 0.9997 9.998E-05 9.998E-05
9.9982E-05 0.996612 9.9982E-05 0.00318852
0.956278 0.0435217 9.9982E-05 9.9982E-05
0.165445 0.11638 0.718075 9.9991E-05
0.125679 9.9991E-05 0.021258 0.852963
0.884926 9.9982E-05 9.9982E-05 0.114874
0.905614 0.0731958 9.9991E-05 0.0210899
0.0394533 0.634033 0.199166 0.127348
0.893536 0.0260233 0.0803412 9.9991E-05
0.752698 9.9982E-05 0.247102 9.9982E-05
0.217233 9.9982E-05 0.782567 9.9982E-05
9.9982E-05 9.9982E-05 0.0194604 0.98034
9.9982E-05 0.826275 0.173525 9.9982E-05
9.99821E-05 0.364952 9.99821E-05 0.634848
9.9982E-05 9.9982E-05 0.965546 0.0342539
0.294931 9.9982E-05 9.9982E-05 0.704869
0.852696 9.99821E-05 9.99821E-05 0.147104
9.9991E-05 0.206436 0.0517808 0.741683
0.398716 9.9982E-05 9.9982E-05 0.601084
