0.713541 9.9991E-05 0.0932745 0.193085
0.983146 9.9982E-05 0.0166544 9.9982E-05
0.470529 9.9982E-05 9.9982E-05 0.529271
0.661219 0.178825 9.9991E-05 0.159855
9.9982E-05 9.9982E-05 0.470002 0.529798
0.0994003 0.825914 9.9991E-05 0.0745853
9.999E-05 0.10677 0.0491573 0.843973
0.957694 9.99821E-05 9.99821E-05 0.042106
9.9982E-05 0.807053 0.192747 9.9982E-05
9.9982E-05 9.9982E-05 0.375295 0.624505
9.99821E-05 9.99821E-05 0.0783594 0.921441
0.976244 0.0235558 9.9982E-05 9.9982E-05
0.0739747 9.9991E-05 0.503031 0.422895
0.0131144 0.111035 9.9991E-05 0.875751
9.9982E-05 9.9982E-05 0.662106 0.337694
9.99821E-05 0.215163 0.784637 9.99821E-05
0.976559 0.0232411 9.9982E-05 9.9982E-05
9.9991E-05 0.318506 0.446099 0.235295
0.0479791 0.951821 9.9982E-05 9.9982E-05
0.0359599 0.221682 0.742258 9.9991E-05
9.9982E-05 0.318342 0.681458 9.9982E-05
0.0826501 0.666823 0.250427 9.9991E-05
9.9982E-05 0.117145 0.882655 9.9982E-05
0.585533 0.124551 0.111713 0.178203
0.0650993 0.0789917 9.9991E-05 0.855809
9.9982E-05 9.9982E-05 0.884207 0.115593
0.702952 9.99821E-05 9.99821E-05 0.296848
9.9991E-05 0.621125 0.139868 0.238908
0.937572 9.99821E-05 0.0622279 9.99821E-05
0.431704 0.568096 9.99821E-05 9.99821E-05
9.998E-05 9.998E-05 9.998E-05 0.9997
9.998E-05 9.998E-05 9.998E-05 0.9997
9.9982E-05 9.9982E-05 0.153453 0.846347
9.9982E-05 0.891409 9.9982E-05 0.108391
0.936463 0.0203642 9.9991E-05 0.0430731
9.9982E-05 0.344329 0.655471 9.9982E-05
9.9982E-05 0.914619 0.0851806 9.9982E-05
9.9982E-05 0.954406 9.9982E-05 0.045394
0.0143307 0.131877 0.0741029 0.779689
0.0599929 0.939807 9.99821E-05 9.99821E-05
0.308088 0.691712 9.9982E-05 9.9982E-05
0.891443 0.108357 9.9982E-05 9.9982E-05
0.0227429 0.0947719 0.882385 9.9991E-05
0.066133 9.9982E-05 9.9982E-05 0.933667
9.99821E-05 9.99821E-05 0.882617 0.117183
0.9997 9.998E-05 9.998E-05 9.998E-05
9.9982E-05 0.51485 0.48495 9.9982E-05
9.99821E-05 0.91935 0.0804498 9.99821E-05
0.214566 9.99821E-05 0.785234 9.99821E-05
9.9982E-05 0.469805 0.529995 9.9982E-05
