0.10993 9.9991E-05 0.781308 0.108662
0.0229016 9.9982E-05 0.976898 9.9982E-05
9.9982E-05 9.9982E-05 0.435548 0.564252
9.999E-05 0.224908 0.658719 0.116273
0.328238 9.9982E-05 9.9982E-05 0.671562
9.9991E-05 0.877695 0.0671107 0.0550947
0.0296068 0.10314 9.9991E-05 0.867154
0.0146011 9.9991E-05 0.977582 0.0077169
0.348339 0.651461 9.9982E-05 9.9982E-05
0.125735 9.9982E-05 9.9982E-05 0.874065
0.00370867 9.99821E-05 9.99821E-05 0.996091
9.9982E-05 0.122272 0.877528 9.9982E-05
0.378388 0.0697913 9.9991E-05 0.551721
9.999E-05 0.0644946 0.107921 0.827484
0.498696 9.99821E-05 9.99821E-05 0.501104
0.886542 0.113258 9.99821E-05 9.99821E-05
9.9982E-05 0.164832 0.834968 9.9982E-05
0.468082 0.257144 9.9991E-05 0.274674
9.9982E-05 0.969393 0.0304066 9.9982E-05
0.938608 0.0611917 9.99821E-05 9.99821E-05
0.832092 0.15084 0.0169686 9.9991E-05
0.449006 0.482649 0.0682453 9.9991E-05
0.927666 9.9991E-05 0.0074427 0.0647909
0.129801 0.194081 0.389957 0.286161
9.9991E-05 0.0455538 0.168836 0.78551
0.695825 9.9982E-05 9.9982E-05 0.303975
9.9991E-05 0.0781572 0.696965 0.224778
0.101586 0.597328 9.9991E-05 0.300985
0.0439434 9.99821E-05 0.955857 9.99821E-05
9.99821E-05 0.695079 0.304721 9.99821E-05
9.9982E-05 9.9982E-05 0.0891939 0.910606
9.998E-05 9.998E-05 9.998E-05 0.9997
0.0264831 9.9982E-05 9.9982E-05 0.973317
9.9982E-05 0.933869 9.9982E-05 0.0659312
9.9991E-05 0.178451 0.753193 0.0682564
0.816015 0.183785 9.9982E-05 9.9982E-05
0.115153 0.884647 9.9982E-05 9.9982E-05
9.9982E-05 0.9342 9.9982E-05 0.0656
0.0488129 0.124135 0.0827356 0.744317
9.9991E-05 0.897449 0.0821869 0.0202638
9.9982E-05 0.760992 0.238808 9.9982E-05
9.9982E-05 0.153347 0.846453 9.9982E-05
0.9997 9.998E-05 9.998E-05 9.998E-05
9.9982E-05 9.9982E-05 0.1489 0.8509
0.669257 9.9982E-05 9.9982E-05 0.330543
0.0102238 9.9982E-05 0.989576 9.9982E-05
0.733498 0.266302 9.9982E-05 9.9982E-05
0.0275837 0.972216 9.99821E-05 9.99821E-05
0.703424 9.9991E-05 0.0451306 0.251345
0.602155 0.397645 9.9982E-05 9.9982E-05
