0.111959 9.9991E-05 0.710251 0.17769
9.998E-05 9.998E-05 0.9997 9.998E-05
0.0386252 9.9991E-05 0.506851 0.454424
9.999E-05 0.179578 0.701057 0.119264
0.340856 9.9982E-05 9.9982E-05 0.658944
9.9991E-05 0.884898 0.00187476 0.113128
9.9982E-05 0.130591 9.9982E-05 0.869209
9.99821E-05 9.99821E-05 0.93704 0.0627598
0.282671 0.71713 9.9982E-05 9.9982E-05
0.17454 9.9982E-05 9.9982E-05 0.82526
9.998E-05 9.998E-05 9.998E-05 0.9997
9.9982E-05 0.0986846 0.901115 9.9982E-05
0.402941 0.0378659 9.9991E-05 0.559093
9.99821E-05 9.99821E-05 0.16417 0.83563
0.516746 9.9982E-05 9.9982E-05 0.483054
0.852586 0.147214 9.99821E-05 9.99821E-05
9.9982E-05 0.165853 0.833947 9.9982E-05
0.377964 0.32233 9.9991E-05 0.299606
9.9982E-05 0.948592 0.0512075 9.9982E-05
0.977344 9.99821E-05 0.0224558 9.99821E-05
0.803137 0.14814 0.0486224 9.9991E-05
0.358501 0.529857 0.111543 9.9991E-05
0.908769 0.0438039 9.9991E-05 0.0473276
0.109401 0.041117 0.652919 0.196562
9.9991E-05 0.0971029 0.100864 0.801934
0.647777 9.9982E-05 9.9982E-05 0.352023
9.99821E-05 9.99821E-05 0.760627 0.239173
0.0979444 0.619124 9.9991E-05 0.282831
0.0595527 9.99821E-05 0.940247 9.99821E-05
9.99821E-05 0.605385 0.394415 9.99821E-05
9.9982E-05 9.9982E-05 0.0216092 0.978191
9.998E-05 9.998E-05 9.998E-05 0.9997
9.998E-05 9.998E-05 9.998E-05 0.9997
9.9982E-05 0.951019 9.9982E-05 0.0487812
9.9991E-05 0.0423257 0.945169 0.012405
0.79203 0.20777 9.9982E-05 9.9982E-05
0.126042 0.873758 9.9982E-05 9.9982E-05
0.0242043 0.933774 9.9991E-05 0.0419217
0.0128413 0.166019 0.0957749 0.725365
9.99821E-05 0.821787 0.178013 9.99821E-05
9.9982E-05 0.809725 0.190076 9.9982E-05
9.9982E-05 0.111545 0.888255 9.9982E-05
0.9997 9.998E-05 9.998E-05 9.998E-05
9.9982E-05 9.9982E-05 0.144195 0.855605
0.683255 9.9982E-05 9.9982E-05 0.316545
9.998E-05 9.998E-05 0.9997 9.998E-05
0.680679 0.319121 9.9982E-05 9.9982E-05
0.0951012 0.904699 9.99821E-05 9.99821E-05
0.694248 9.9991E-05 0.0718478 0.233804
0.679444 0.320356 9.9982E-05 9.9982E-05
