9.9991E-05 0.133207 0.11193 0.754763
9.998E-05 9.998E-05 9.998E-05 0.9997
9.9982E-05 9.9982E-05 0.483338 0.516462
0.24232 9.9991E-05 0.119305 0.638275
9.9982E-05 0.357262 0.642538 9.9982E-05
0.952328 9.9982E-05 0.0474722 9.9982E-05
0.130051 0.0105816 0.859267 9.9991E-05
9.99821E-05 9.99821E-05 0.00486738 0.994933
0.76899 0.23081 9.9982E-05 9.9982E-05
9.9982E-05 0.134517 0.865283 9.9982E-05
9.998E-05 9.998E-05 0.9997 9.998E-05
0.0818734 9.9982E-05 9.9982E-05 0.917927
0.0884444 0.451091 0.460365 9.9991E-05
0.0413031 9.9991E-05 0.846261 0.112336
9.99821E-05 0.539169 0.460631 9.99821E-05
0.110857 0.847032 9.9991E-05 0.0420106
0.102716 9.9991E-05 0.00490895 0.892275
0.30414 0.413311 0.282449 9.9991E-05
0.965416 9.9982E-05 9.9982E-05 0.0343841
0.160966 0.838834 9.9982E-05 9.9982E-05
0.278627 0.721173 9.9982E-05 9.9982E-05
0.590658 0.330235 0.000761147 0.0783456
0.0622967 0.916357 0.0212459 9.9991E-05
0.309935 0.0012688 0.282675 0.406122
0.0243978 9.9991E-05 0.806318 0.169184
9.9982E-05 0.774612 0.225188 9.9982E-05
9.99821E-05 9.99821E-05 0.259914 0.739886
0.594591 0.129869 0.27544 9.9991E-05
9.99821E-05 0.0654683 9.99821E-05 0.934332
0.700068 9.99821E-05 9.99821E-05 0.299732
9.9982E-05 9.9982E-05 0.94401 0.0557896
9.998E-05 9.998E-05 0.9997 9.998E-05
9.9982E-05 0.0994445 0.900356 9.9982E-05
0.96313 9.9982E-05 0.03667 9.9982E-05
0.205329 9.9991E-05 0.0219432 0.772628
0.338214 0.661586 9.9982E-05 9.9982E-05
0.942019 0.0577807 9.9982E-05 9.9982E-05
0.946308 9.9982E-05 0.0534919 9.9982E-05
0.186319 9.9991E-05 0.783108 0.030473
0.926904 9.99821E-05 9.99821E-05 0.0728957
0.715906 9.9982E-05 9.9982E-05 0.283895
0.0800966 9.9982E-05 9.9982E-05 0.919703
0.0332566 0.966543 9.9982E-05 9.9982E-05
9.9982E-05 9.9982E-05 0.849036 0.150764
9.9982E-05 0.778049 0.221751 9.9982E-05
9.9982E-05 0.126508 9.9982E-05 0.873292
0.466344 0.533456 9.9982E-05 9.9982E-05
0.864168 0.135632 9.99821E-05 9.99821E-05
9.9991E-05 0.729246 0.165347 0.105307
0.394445 0.590386 9.9991E-05 0.0150692
