0.149385 9.9991E-05 0.108459 0.742056
9.9982E-05 9.9982E-05 0.0828876 0.916912
0.422408 9.9982E-05 9.9982E-05 0.577392
0.187004 0.387562 9.9991E-05 0.425334
0.663888 9.9982E-05 0.335912 9.9982E-05
0.0797795 0.92002 9.9982E-05 9.9982E-05
0.821983 0.0142022 0.140418 0.0233972
0.00117366 0.000538906 9.9991E-05 0.998187
9.9982E-05 0.685472 0.314328 9.9982E-05
0.837126 9.99821E-05 0.162674 9.99821E-05
0.9997 9.998E-05 9.998E-05 9.998E-05
9.9982E-05 0.145521 9.9982E-05 0.854279
0.564808 0.106391 0.328701 9.9991E-05
0.859168 0.035574 9.9991E-05 0.105158
0.482454 9.9982E-05 0.517347 9.9982E-05
9.99821E-05 9.99821E-05 0.986365 0.0134347
0.0331683 0.0774976 9.9991E-05 0.889234
0.31398 0.272113 0.413807 9.9991E-05
9.998E-05 0.9997 9.998E-05 9.998E-05
9.9982E-05 0.068019 0.931781 9.9982E-05
9.9991E-05 0.154322 0.820047 0.0255308
9.9991E-05 0.456332 0.452597 0.0909706
0.112311 0.0549215 0.832668 9.9991E-05
0.275836 0.235851 0.147743 0.340569
0.823766 0.0837708 9.9991E-05 0.0923635
0.33307 9.9982E-05 0.66673 9.9982E-05
0.274203 0.0616724 9.9991E-05 0.664024
0.258605 0.62249 0.116081 0.00282431
9.998E-05 9.998E-05 9.998E-05 0.9997
9.99821E-05 0.662587 9.99821E-05 0.337213
0.96156 9.9982E-05 9.9982E-05 0.0382399
0.9997 9.998E-05 9.998E-05 9.998E-05
0.953161 9.9982E-05 0.0466394 9.9982E-05
0.0370881 0.946209 0.0166025 9.9991E-05
0.0366932 0.153748 9.9991E-05 0.809459
9.9982E-05 0.204606 0.795194 9.9982E-05
9.9982E-05 0.834163 0.165637 9.9982E-05
0.055985 0.943815 9.9982E-05 9.9982E-05
0.71954 0.0102416 0.130425 0.139793
0.042694 0.937831 0.00279871 0.0166758
9.9982E-05 0.722531 9.9982E-05 0.277269
9.9982E-05 0.10176 9.9982E-05 0.89804
9.998E-05 9.998E-05 0.9997 9.998E-05
0.83759 9.9982E-05 9.9982E-05 0.16221
0.393114 9.9982E-05 0.606686 9.9982E-05
9.9982E-05 9.9982E-05 0.0775734 0.922227
9.9982E-05 0.251542 0.748258 9.9982E-05
9.99821E-05 0.837326 0.162474 9.99821E-05
0.178774 9.9991E-05 0.722323 0.0988037
9.9982E-05 0.349198 0.650602 9.9982E-05
