0.139281 9.9991E-05 0.760513 0.100106
9.9982E-05 9.9982E-05 0.979309 0.0204906
0.52237 9.9982E-05 0.47743 9.9982E-05
0.194478 0.180444 0.624979 9.9991E-05
0.450882 9.9982E-05 9.9982E-05 0.548919
0.0521636 0.822387 0.125349 9.9991E-05
0.834997 0.115586 9.9991E-05 0.0493171
0.0656149 9.9982E-05 0.934185 9.9982E-05
9.99821E-05 0.922412 9.99821E-05 0.0773879
0.611287 9.9982E-05 9.9982E-05 0.388513
0.863486 9.99821E-05 9.99821E-05 0.136314
9.9982E-05 0.0249751 0.974825 9.9982E-05
0.338066 0.10358 0.0293806 0.528974
0.865628 0.0257791 0.108492 9.9991E-05
0.198643 9.9982E-05 9.9982E-05 0.801157
0.0271 0.36772 9.9991E-05 0.60508
9.9982E-05 0.012139 0.987661 9.9982E-05
0.311442 0.45596 9.9991E-05 0.232498
9.9982E-05 0.880065 0.119735 9.9982E-05
9.9982E-05 0.248343 9.9982E-05 0.751457
9.9982E-05 0.431633 9.9982E-05 0.568167
9.9991E-05 0.576258 0.156845 0.266796
9.9982E-05 0.215953 9.9982E-05 0.783847
0.295141 0.17478 0.484126 0.0459526
0.852353 0.0656912 0.0818555 9.9991E-05
0.121883 9.9982E-05 9.9982E-05 0.877917
0.286571 9.99821E-05 0.713229 9.99821E-05
0.347478 0.63773 9.9991E-05 0.0146924
9.998E-05 9.998E-05 0.9997 9.998E-05
9.99821E-05 0.61098 0.38882 9.99821E-05
0.9997 9.998E-05 9.998E-05 9.998E-05
0.9997 9.998E-05 9.998E-05 9.998E-05
0.892197 9.9982E-05 9.9982E-05 0.107603
0.0950119 0.814679 0.0902091 9.9991E-05
0.0551519 0.0369104 0.907838 9.9991E-05
9.9982E-05 0.467111 9.9982E-05 0.532689
9.9982E-05 0.955831 0.043969 9.9982E-05
0.0712274 0.838803 0.0898699 9.9991E-05
0.686636 0.142958 0.085015 0.0853914
9.99821E-05 0.872205 0.127595 9.99821E-05
9.9982E-05 0.622278 0.377522 9.9982E-05
9.9982E-05 0.0628251 0.936975 9.9982E-05
9.99821E-05 0.0756802 9.99821E-05 0.92412
0.950114 9.9982E-05 0.0496857 9.9982E-05
0.0681169 9.9982E-05 9.9982E-05 0.931683
9.998E-05 9.998E-05 0.9997 9.998E-05
9.9982E-05 0.601502 9.9982E-05 0.398298
9.998E-05 0.9997 9.998E-05 9.998E-05
0.00952735 9.9991E-05 0.121079 0.869294
9.9982E-05 0.601599 9.9982E-05 0.398201
