0.691398 9.9991E-05 0.124267 0.184234
0.965103 9.9982E-05 0.0346966 9.9982E-05
0.459975 9.9982E-05 9.9982E-05 0.539825
0.618609 0.210372 9.9991E-05 0.170919
9.9982E-05 9.9982E-05 0.444677 0.555123
0.00924439 0.908492 9.9991E-05 0.0821632
9.999E-05 0.13096 0.0416536 0.827287
0.918935 9.99821E-05 9.99821E-05 0.0808649
9.9982E-05 0.837968 0.161832 9.9982E-05
9.9982E-05 9.9982E-05 0.403618 0.596182
9.99821E-05 9.99821E-05 0.149727 0.850073
0.985007 0.0147927 9.9982E-05 9.9982E-05
9.999E-05 0.110906 0.511861 0.377132
0.0755356 0.0579948 9.9991E-05 0.86637
9.9982E-05 9.9982E-05 0.639262 0.360538
9.9991E-05 0.294884 0.691629 0.0133879
0.994597 0.00520261 9.99821E-05 9.99821E-05
9.9991E-05 0.339604 0.443045 0.217251
0.0212913 0.978509 9.9982E-05 9.9982E-05
9.9982E-05 0.21428 0.78552 9.9982E-05
0.0420709 0.25968 0.698149 9.9991E-05
0.159274 0.543919 0.296707 9.9991E-05
9.9982E-05 0.152261 0.847539 9.9982E-05
0.424556 0.237994 0.0485734 0.288876
0.0650038 0.0679488 9.9991E-05 0.866947
9.9982E-05 9.9982E-05 0.83348 0.16632
0.589733 0.0536831 9.9991E-05 0.356484
0.0352723 0.591647 0.159495 0.213586
0.96165 9.99821E-05 0.0381497 9.99821E-05
0.394967 0.604833 9.99821E-05 9.99821E-05
9.998E-05 9.998E-05 9.998E-05 0.9997
9.998E-05 9.998E-05 9.998E-05 0.9997
9.9982E-05 9.9982E-05 0.171519 0.828281
9.9982E-05 0.93047 9.9982E-05 0.0693301
0.759585 0.153175 9.9991E-05 0.0871394
9.9982E-05 0.400743 0.599057 9.9982E-05
0.0112691 0.958993 0.0296378 9.9991E-05
9.9982E-05 0.967367 9.9982E-05 0.0324326
0.0348022 0.153113 0.0540917 0.757993
0.191891 0.807909 9.99821E-05 9.99821E-05
0.359765 0.640035 9.9982E-05 9.9982E-05
0.917566 0.0822343 9.9982E-05 9.9982E-05
9.9982E-05 0.0419259 0.957874 9.9982E-05
0.0586491 9.9982E-05 9.9982E-05 0.941151
9.9982E-05 9.9982E-05 0.836353 0.163448
0.9997 9.998E-05 9.998E-05 9.998E-05
9.9982E-05 0.552591 0.447209 9.9982E-05
9.99821E-05 0.871624 0.128176 9.99821E-05
0.11294 9.9991E-05 0.826933 0.060028
9.9982E-05 0.389973 0.609827 9.9982E-05
