9.9991E-05 0.713577 0.138277 0.148046
9.9982E-05 0.994534 0.0052664 9.9982E-05
9.9982E-05 0.520136 9.9982E-05 0.479664
0.254362 0.571588 9.9991E-05 0.17395
9.9982E-05 9.9982E-05 0.324087 0.675713
0.868039 0.0163784 0.0175638 0.0980191
0.0938277 9.9991E-05 0.0181498 0.887923
9.999E-05 0.874751 0.0908292 0.03432
0.677554 9.99821E-05 0.322246 9.99821E-05
9.9982E-05 9.9982E-05 0.216163 0.783637
9.998E-05 9.998E-05 9.998E-05 0.9997
0.0761725 0.923628 9.9982E-05 9.9982E-05
0.0976718 0.0130467 0.364784 0.524498
0.105945 0.0621509 9.9991E-05 0.831804
9.99821E-05 9.99821E-05 0.534586 0.465215
0.0435778 0.0342571 0.920236 0.00192934
0.138057 0.861744 9.9982E-05 9.9982E-05
0.260501 9.9991E-05 0.443652 0.295747
0.993628 0.00617182 9.9982E-05 9.9982E-05
0.0172481 9.99821E-05 0.982552 9.99821E-05
0.17688 0.0367471 0.786273 9.9991E-05
0.566076 0.0549186 0.378906 9.9991E-05
0.0175746 9.9991E-05 0.958212 0.0241135
0.114586 0.45741 0.135309 0.292695
0.136458 0.0157292 9.9991E-05 0.847713
9.9982E-05 9.9982E-05 0.754858 0.244942
0.0671528 0.608745 9.9991E-05 0.324002
0.511913 9.9991E-05 0.216267 0.27172
9.99821E-05 0.977545 0.0222553 9.99821E-05
0.692556 0.307244 9.99821E-05 9.99821E-05
9.9982E-05 0.0320489 9.9982E-05 0.967751
9.998E-05 9.998E-05 9.998E-05 0.9997
9.998E-05 9.998E-05 9.998E-05 0.9997
0.891773 9.9982E-05 9.9982E-05 0.108027
0.15905 0.769447 9.9991E-05 0.0714028
0.162575 9.9982E-05 0.837225 9.9982E-05
0.910597 9.9982E-05 0.089203 9.9982E-05
0.912367 9.9982E-05 9.9982E-05 0.0874335
0.0702362 0.147156 0.0545469 0.728061
0.893061 0.0884028 9.9991E-05 0.018436
0.747187 0.252613 9.9982E-05 9.9982E-05
0.194897 0.804903 9.9982E-05 9.9982E-05
9.998E-05 9.998E-05 0.9997 9.998E-05
9.9982E-05 0.144152 9.9982E-05 0.855648
9.9982E-05 9.9982E-05 0.683146 0.316654
9.998E-05 0.9997 9.998E-05 9.998E-05
0.29827 9.9982E-05 0.70153 9.9982E-05
0.910385 9.99821E-05 0.0894146 9.99821E-05
9.9991E-05 0.0100711 0.742123 0.247706
0.276668 9.9982E-05 0.723132 9.9982E-05
