0.192864 0.0972805 9.9991E-05 0.709755
9.9982E-05 0.0396404 9.9982E-05 0.96016
0.493961 9.9982E-05 9.9982E-05 0.505839
0.181252 9.9991E-05 0.329922 0.488726
0.631391 0.368409 9.9982E-05 9.9982E-05
0.0493517 9.9991E-05 0.880662 0.0698859
0.868805 0.0164223 0.114673 9.9991E-05
0.0423916 9.99821E-05 9.99821E-05 0.957408
9.9982E-05 0.244866 0.754934 9.9982E-05
0.803671 0.196129 9.9982E-05 9.9982E-05
0.975059 0.0247407 9.99821E-05 9.99821E-05
9.9982E-05 9.9982E-05 0.0993774 0.900423
0.50254 0.399092 0.0982679 9.9991E-05
0.886708 9.99821E-05 9.99821E-05 0.113092
0.444384 0.555416 9.9982E-05 9.9982E-05
0.0564346 0.747775 0.19569 9.9991E-05
9.9982E-05 9.9982E-05 0.0927292 0.907071
0.302497 0.39335 0.304053 9.9991E-05
9.9982E-05 9.9982E-05 0.982676 0.0171243
9.9982E-05 0.931755 0.068045 9.9982E-05
9.9991E-05 0.840174 0.134738 0.0249881
9.9991E-05 0.39689 0.512677 0.090333
0.0098139 0.815578 0.155667 0.0189407
0.197416 0.155701 0.144422 0.502461
0.791008 9.9991E-05 0.0746385 0.134254
0.302867 0.696933 9.9982E-05 9.9982E-05
0.245082 9.9991E-05 0.056131 0.698687
0.250601 0.0798091 0.66949 9.9991E-05
9.99821E-05 0.0331935 9.99821E-05 0.966606
9.99821E-05 9.99821E-05 0.758347 0.241453
0.9997 9.998E-05 9.998E-05 9.998E-05
0.9997 9.998E-05 9.998E-05 9.998E-05
0.900593 0.0992071 9.9982E-05 9.9982E-05
0.0881494 9.9982E-05 0.911651 9.9982E-05
9.9982E-05 9.9982E-05 0.165296 0.834504
9.9982E-05 0.740877 0.258923 9.9982E-05
9.9982E-05 0.117807 0.881993 9.9982E-05
0.0507755 9.9991E-05 0.941952 0.0071724
0.75329 0.082974 0.101112 0.0626244
9.9991E-05 0.0110707 0.876827 0.112002
9.9982E-05 9.9982E-05 0.716603 0.283197
9.9982E-05 9.9982E-05 0.124032 0.875768
9.998E-05 0.9997 9.998E-05 9.998E-05
0.894998 9.9982E-05 9.9982E-05 0.104802
0.2982 0.7016 9.9982E-05 9.9982E-05
9.99821E-05 0.0183934 9.99821E-05 0.981407
9.9982E-05 0.636939 0.362861 9.9982E-05
9.99821E-05 0.0846823 0.915118 9.99821E-05
0.162934 0.764607 9.9991E-05 0.0723599
9.99821E-05 0.625754 0.374046 9.99821E-05
