9.9991E-05 0.687729 0.18181 0.130361
9.9982E-05 0.971034 0.0287662 9.9982E-05
9.999E-05 0.522153 0.00631122 0.471436
0.250316 0.593846 9.9991E-05 0.155737
9.9982E-05 9.9982E-05 0.396625 0.603175
0.900825 0.0468336 9.9991E-05 0.0522415
0.112742 9.9991E-05 0.00732173 0.879836
9.9982E-05 0.995373 9.9982E-05 0.0044269
0.77499 9.99821E-05 0.22481 9.99821E-05
9.9982E-05 9.9982E-05 0.222221 0.777579
9.99821E-05 9.99821E-05 0.0293767 0.970423
0.10279 0.897011 9.9982E-05 9.9982E-05
0.0840145 9.9991E-05 0.388058 0.527828
0.0175059 0.0935946 9.9991E-05 0.8888
9.9982E-05 9.9982E-05 0.572752 0.427048
0.131599 9.9991E-05 0.784982 0.0833186
0.0852219 0.914578 9.9982E-05 9.9982E-05
0.305977 9.9991E-05 0.352693 0.34123
0.96242 0.0373797 9.9982E-05 9.9982E-05
0.129442 9.99821E-05 0.870358 9.99821E-05
0.234579 9.9982E-05 0.765221 9.9982E-05
0.510522 0.088343 0.401035 9.9991E-05
0.0390244 0.0384238 0.801607 0.120945
0.136132 0.529413 0.139909 0.194546
0.0814013 0.111205 9.9991E-05 0.807294
9.9982E-05 9.9982E-05 0.741027 0.258773
0.0568159 0.720481 9.9991E-05 0.222603
0.574079 9.9991E-05 0.114322 0.311499
9.99821E-05 0.994512 0.00528784 9.99821E-05
0.567044 0.432756 9.99821E-05 9.99821E-05
9.9982E-05 0.0448396 9.9982E-05 0.95496
9.998E-05 9.998E-05 9.998E-05 0.9997
9.9982E-05 9.9982E-05 0.0654189 0.934381
0.94693 9.9982E-05 9.9982E-05 0.0528699
0.168709 0.794315 9.9991E-05 0.0368761
0.245696 9.9982E-05 0.754104 9.9982E-05
0.876056 9.9982E-05 0.123744 9.9982E-05
0.876988 0.110073 9.9991E-05 0.0128389
0.113525 0.143059 0.0630586 0.680357
0.829965 0.169835 9.99821E-05 9.99821E-05
0.74377 0.25603 9.9982E-05 9.9982E-05
0.100327 0.899473 9.9982E-05 9.9982E-05
9.9982E-05 0.0247492 0.975051 9.9982E-05
9.9982E-05 0.176486 9.9982E-05 0.823314
9.9982E-05 9.9982E-05 0.704317 0.295483
9.998E-05 0.9997 9.998E-05 9.998E-05
0.389864 9.9982E-05 0.609936 9.9982E-05
0.870818 9.99821E-05 0.128982 9.99821E-05
9.9991E-05 0.152802 0.830621 0.016477
0.395731 9.9982E-05 0.604069 9.9982E-05
