0.739311 0.16975 9.9982E-05 9.9982E-05 0.0907389
0.914056 9.9973E-05 9.9973E-05 9.9973E-05 0.0856444
0.417915 0.508363 9.9982E-05 9.9982E-05 0.0735218
0.515877 0.201023 0.2829 9.99821E-05 9.99821E-05
0.000162526 0.0656045 9.9982E-05 0.934033 9.9982E-05
9.9982E-05 0.0850272 0.869462 9.9982E-05 0.0453113
9.9991E-05 0.696268 0.0155827 0.165025 0.123024
0.996323 9.99731E-05 9.99731E-05 9.99731E-05 0.00337674
9.997E-05 9.997E-05 0.48362 9.997E-05 0.51608
9.9973E-05 0.136163 9.9973E-05 0.863537 9.9973E-05
9.997E-05 0.466506 9.997E-05 0.533194 9.997E-05
0.913261 9.9973E-05 0.0864387 9.9973E-05 9.9973E-05
9.9991E-05 0.170049 0.100838 0.59618 0.132834
0.0988239 0.788996 0.02169 0.0903905 9.9991E-05
9.9973E-05 9.9973E-05 0.0491206 0.95058 9.9973E-05
9.99731E-05 0.112946 9.99731E-05 9.99731E-05 0.886754
0.866612 0.05762 0.0755682 9.9982E-05 9.9982E-05
9.999E-05 0.116368 0.16285 0.319609 0.401073
9.997E-05 9.997E-05 0.9996 9.997E-05 9.997E-05
9.997E-05 9.997E-05 9.997E-05 9.997E-05 0.9996
0.0757423 9.9991E-05 0.0756467 0.100122 0.748389
0.188619 9.99821E-05 0.320846 9.99821E-05 0.490335
9.9982E-05 0.0103378 9.9982E-05 0.220407 0.769055
0.456078 0.251815 0.0966207 9.9991E-05 0.195386
9.99731E-05 0.929371 0.070329 9.99731E-05 9.99731E-05
9.9973E-05 9.9973E-05 9.9973E-05 0.799561 0.200139
0.614153 0.296382 0.0892642 9.99821E-05 9.99821E-05
9.99821E-05 0.0402505 0.615829 0.343721 9.99821E-05
0.966466 9.99732E-05 9.99732E-05 9.99732E-05 0.0332342
0.339092 9.99731E-05 0.660608 9.99731E-05 9.99731E-05
9.997E-05 0.9996 9.997E-05 9.997E-05 9.997E-05
9.997E-05 0.9996 9.997E-05 9.997E-05 9.997E-05
9.9973E-05 0.438881 9.9973E-05 0.560819 9.9973E-05
9.9982E-05 0.0609849 0.929564 9.9982E-05 0.00925105
0.803357 0.0536253 0.142818 9.9982E-05 9.9982E-05
9.9982E-05 0.0263038 0.0529589 9.9982E-05 0.920537
9.9973E-05 9.9973E-05 0.764051 9.9973E-05 0.235649
9.9982E-05 0.0618226 0.841503 9.9982E-05 0.0964741
0.00810371 0.642357 0.160744 0.159064 0.0297312
0.0600874 9.9991E-05 0.844544 0.05452 0.0407489
0.19155 9.997E-05 0.80815 9.997E-05 9.997E-05
0.826431 9.9973E-05 0.173269 9.9973E-05 9.9973E-05
9.997E-05 9.997E-05 9.997E-05 0.190551 0.809149
9.9973E-05 0.989136 0.0105641 9.9973E-05 9.9973E-05
9.9973E-05 9.9973E-05 9.9973E-05 0.800325 0.199375
0.94323 9.99731E-05 9.99731E-05 9.99731E-05 0.0564704
9.9973E-05 9.9973E-05 0.146057 9.9973E-05 0.853643
9.99731E-05 9.99731E-05 0.799197 9.99731E-05 0.200503
0.105077 9.99821E-05 9.99821E-05 0.622545 0.272177
9.998E-05 9.998E-05 0.212004 0.0984306 0.689365
