9.9982E-05 9.9982E-05 0.242123 0.668881 0.0887967
9.9973E-05 9.9973E-05 9.9973E-05 0.922397 0.0773034
9.9982E-05 9.9982E-05 0.685283 0.30791 0.00660727
0.227984 0.0650494 0.0795283 0.627338 9.9991E-05
0.0335855 0.939407 0.00734084 0.0195668 9.9991E-05
0.890865 9.9973E-05 0.108835 9.9973E-05 9.9973E-05
0.0627336 0.308149 0.601174 9.9991E-05 0.0278442
9.99731E-05 9.99731E-05 0.0718556 0.927844 9.99731E-05
0.644094 9.99731E-05 9.99731E-05 9.99731E-05 0.355606
9.997E-05 0.9996 9.997E-05 9.997E-05 9.997E-05
9.99731E-05 0.767727 0.231973 9.99731E-05 9.99731E-05
0.0973511 9.9973E-05 9.9973E-05 0.902349 9.9973E-05
0.0406609 0.616406 0.0709835 0.0448851 0.227065
0.0203098 0.266793 0.636414 0.0763829 9.9991E-05
9.99731E-05 0.847861 9.99731E-05 9.99731E-05 0.151839
9.99731E-05 9.99731E-05 0.170637 9.99731E-05 0.829063
0.0614086 0.00549979 9.9982E-05 0.932892 9.9982E-05
0.292328 0.335548 0.0484054 9.9991E-05 0.323619
0.9996 9.997E-05 9.997E-05 9.997E-05 9.997E-05
9.997E-05 9.997E-05 9.997E-05 9.997E-05 0.9996
0.0392032 0.0104322 9.9991E-05 0.123776 0.826488
0.415701 0.0131554 9.9991E-05 0.181495 0.389549
9.9982E-05 0.0509339 0.153693 9.9982E-05 0.795173
0.0779396 0.0352543 0.187703 0.512979 0.186124
0.0213532 9.9973E-05 0.978347 9.9973E-05 9.9973E-05
9.9973E-05 0.545883 9.9973E-05 9.9973E-05 0.453817
9.99731E-05 9.99731E-05 0.284647 0.715053 9.99731E-05
0.604597 0.369301 9.99821E-05 0.0259015 9.99821E-05
9.99732E-05 9.99732E-05 9.99732E-05 0.971345 0.0283547
0.578006 9.99731E-05 9.99731E-05 0.421694 9.99731E-05
9.997E-05 9.997E-05 0.9996 9.997E-05 9.997E-05
9.9973E-05 0.045506 0.954194 9.9973E-05 9.9973E-05
9.9973E-05 0.843339 0.156361 9.9973E-05 9.9973E-05
0.888621 9.9973E-05 0.11108 9.9973E-05 9.9973E-05
0.126029 9.9982E-05 0.0826685 0.791102 9.9982E-05
0.0982713 9.9982E-05 0.0177811 9.9982E-05 0.883748
0.740184 9.9982E-05 9.9982E-05 0.0506966 0.208919
0.91571 9.9982E-05 0.0679937 9.9982E-05 0.0160963
0.116965 0.448688 0.373346 0.0609009 9.9991E-05
0.845447 0.00255881 9.99821E-05 0.151795 9.99821E-05
0.750851 9.9973E-05 9.9973E-05 0.248849 9.9973E-05
0.173786 9.9973E-05 9.9973E-05 0.825914 9.9973E-05
9.99731E-05 0.0138128 9.99731E-05 9.99731E-05 0.985887
9.997E-05 9.997E-05 0.9996 9.997E-05 9.997E-05
9.99731E-05 0.649776 9.99731E-05 9.99731E-05 0.349924
9.99731E-05 9.99731E-05 9.99731E-05 0.962069 0.0376313
0.297328 9.9973E-05 9.9973E-05 9.9973E-05 0.702372
0.818831 9.99731E-05 9.99731E-05 9.99731E-05 0.180869
9.99821E-05 0.456061 9.99821E-05 0.121345 0.422395
0.298544 0.0102279 9.9982E-05 9.9982E-05 0.691028
