0.166252 0.119935 9.9982E-05 9.9982E-05 0.713613
9.9973E-05 0.0505357 9.9973E-05 9.9973E-05 0.949164
0.622931 9.99731E-05 9.99731E-05 9.99731E-05 0.376769
0.152825 9.99821E-05 0.283278 9.99821E-05 0.563698
0.0902931 9.9973E-05 9.9973E-05 0.909407 9.9973E-05
0.101326 0.0234834 0.834175 9.9991E-05 0.0409164
0.573028 0.0754705 0.076583 0.260113 0.0148051
0.0467779 9.99731E-05 9.99731E-05 9.99731E-05 0.952922
9.9973E-05 0.580759 0.418941 9.9973E-05 9.9973E-05
9.997E-05 9.997E-05 9.997E-05 0.9996 9.997E-05
0.394511 9.99731E-05 9.99731E-05 0.605189 9.99731E-05
9.9973E-05 9.9973E-05 0.110305 9.9973E-05 0.889395
0.0505674 0.22478 0.0193164 0.626727 0.0786096
0.761373 9.9991E-05 0.00972156 0.134394 0.0944113
9.99731E-05 9.99731E-05 0.0736927 0.926007 9.99731E-05
0.0232529 0.976447 9.99731E-05 9.99731E-05 9.99731E-05
9.9982E-05 9.9982E-05 0.249384 0.0217611 0.728655
0.0996759 0.280238 0.280941 0.339045 9.9991E-05
9.997E-05 9.997E-05 0.9996 9.997E-05 9.997E-05
9.997E-05 0.9996 9.997E-05 9.997E-05 9.997E-05
9.999E-05 0.767269 0.094115 0.0614802 0.0770361
9.999E-05 0.449906 0.470277 0.00343733 0.0762801
9.9973E-05 0.758106 9.9973E-05 0.241595 9.9973E-05
0.148481 0.143646 0.0881838 0.105352 0.514337
0.953908 9.9973E-05 0.045792 9.9973E-05 9.9973E-05
9.9973E-05 0.312632 9.9973E-05 0.687068 9.9973E-05
0.32106 9.9982E-05 0.0944432 9.9982E-05 0.584297
0.0352514 0.0236229 0.635979 0.305047 9.9991E-05
9.997E-05 9.997E-05 9.997E-05 9.997E-05 0.9996
9.99821E-05 0.054357 0.655289 9.99821E-05 0.290154
0.92838 9.99731E-05 9.99731E-05 0.0713203 9.99731E-05
0.9996 9.997E-05 9.997E-05 9.997E-05 9.997E-05
0.239664 9.9973E-05 9.9973E-05 0.760036 9.9973E-05
0.0768927 0.0847089 0.838198 9.9982E-05 9.9982E-05
0.0919442 9.9982E-05 0.215647 9.9982E-05 0.692209
9.997E-05 0.9996 9.997E-05 9.997E-05 9.997E-05
9.99731E-05 0.171828 0.827872 9.99731E-05 9.99731E-05
0.0173915 0.0262566 0.951352 0.00490022 9.9991E-05
0.51325 0.030553 0.0231216 0.317958 0.115117
9.99821E-05 9.99821E-05 0.93539 0.0370261 0.0273835
9.9973E-05 9.9973E-05 0.846877 9.9973E-05 0.152823
9.99731E-05 9.99731E-05 0.227953 9.99731E-05 0.771748
9.99821E-05 0.878835 9.99821E-05 0.10997 0.0109954
0.9996 9.997E-05 9.997E-05 9.997E-05 9.997E-05
9.9973E-05 0.222858 9.9973E-05 0.776842 9.9973E-05
9.99731E-05 0.0445049 9.99731E-05 9.99731E-05 0.955195
9.9973E-05 0.887827 0.111873 9.9973E-05 9.9973E-05
9.99731E-05 0.189407 0.810293 9.99731E-05 9.99731E-05
9.99821E-05 0.383247 9.99821E-05 0.479288 0.137265
9.9982E-05 0.707253 0.246243 0.0463038 9.9982E-05
