0.160494 0.568863 9.9982E-05 9.9982E-05 0.270443
0.0534334 0.946267 9.9973E-05 9.9973E-05 9.9973E-05
0.00440415 0.443371 9.9982E-05 9.9982E-05 0.552025
9.99821E-05 0.581763 0.246591 9.99821E-05 0.171446
9.999E-05 0.0278746 0.0016292 0.936951 0.0334449
0.119766 0.0211146 0.761593 9.9991E-05 0.0974264
9.9982E-05 9.9982E-05 0.0826099 0.383542 0.533648
9.99731E-05 0.945897 9.99731E-05 9.99731E-05 0.0538028
0.488142 9.99731E-05 0.511558 9.99731E-05 9.99731E-05
9.997E-05 9.997E-05 9.997E-05 0.9996 9.997E-05
9.99731E-05 9.99731E-05 9.99731E-05 0.846359 0.153341
9.9973E-05 0.861956 0.137744 9.9973E-05 9.9973E-05
0.274562 9.9991E-05 0.00609655 0.504053 0.215189
9.99821E-05 9.99821E-05 0.0377021 0.0737541 0.888344
0.201485 9.9973E-05 9.9973E-05 0.798215 9.9973E-05
0.91182 9.99821E-05 0.000324403 9.99821E-05 0.0876556
9.9991E-05 0.859457 0.11278 0.00890124 0.0187614
0.316208 9.9982E-05 0.249467 0.434125 9.9982E-05
9.997E-05 9.997E-05 0.9996 9.997E-05 9.997E-05
0.958292 0.041408 9.99731E-05 9.99731E-05 9.99731E-05
0.840185 0.0715616 0.0788512 0.00930233 9.9991E-05
0.515395 0.0475344 0.401124 0.0358468 9.9991E-05
0.815299 9.9982E-05 9.9982E-05 0.113768 0.0707337
0.144841 0.485707 0.125382 0.10547 0.1386
0.0367748 9.9982E-05 0.015761 9.9982E-05 0.947264
0.312157 9.9973E-05 9.9973E-05 0.687544 9.9973E-05
9.99821E-05 0.550366 0.105053 9.99821E-05 0.344381
0.0775117 9.999E-05 0.599265 0.244357 0.0787664
0.020147 0.979553 9.99732E-05 9.99732E-05 9.99732E-05
9.99731E-05 0.34622 0.65348 9.99731E-05 9.99731E-05
9.9973E-05 9.9973E-05 9.9973E-05 0.0664643 0.933236
9.997E-05 9.997E-05 9.997E-05 9.997E-05 0.9996
9.9973E-05 9.9973E-05 9.9973E-05 0.770905 0.228795
9.9973E-05 9.9973E-05 0.880703 9.9973E-05 0.118997
9.9982E-05 0.729689 0.191341 9.9982E-05 0.0787699
0.930885 9.9973E-05 0.0688152 9.9973E-05 9.9973E-05
0.153634 9.9973E-05 0.846066 9.9973E-05 9.9973E-05
9.9982E-05 9.9982E-05 0.918481 0.0131552 0.0681635
9.9991E-05 0.165145 0.0481468 0.452374 0.334234
0.0125932 0.0340181 0.917393 0.0358954 9.9991E-05
9.9973E-05 0.214375 0.785325 9.9973E-05 9.9973E-05
9.9973E-05 0.808285 0.191415 9.9973E-05 9.9973E-05
0.917858 9.99731E-05 9.99731E-05 0.0818416 9.99731E-05
9.997E-05 9.997E-05 9.997E-05 9.997E-05 0.9996
0.260617 9.9973E-05 9.9973E-05 0.739083 9.9973E-05
0.014755 0.984945 9.99731E-05 9.99731E-05 9.99731E-05
0.874179 9.9973E-05 0.125521 9.9973E-05 9.9973E-05
0.242834 9.99731E-05 0.756866 9.99731E-05 9.99731E-05
0.40454 0.0617495 9.99821E-05 0.533511 9.99821E-05
0.687523 9.99821E-05 0.248014 0.0642628 9.99821E-05
