0.230048 9.99821E-05 0.697316 9.99821E-05 0.0724362
9.9973E-05 9.9973E-05 0.952338 9.9973E-05 0.0473623
0.49218 9.9982E-05 0.464929 9.9982E-05 0.0426918
0.210226 0.211612 0.577963 9.99821E-05 9.99821E-05
0.0465315 9.9982E-05 0.043107 0.910162 9.9982E-05
0.0757092 0.923991 9.9973E-05 9.9973E-05 9.9973E-05
0.764818 9.9973E-05 9.9973E-05 9.9973E-05 0.234882
0.0508733 9.99731E-05 0.948827 9.99731E-05 9.99731E-05
9.99731E-05 0.603721 9.99731E-05 9.99731E-05 0.395979
0.0591394 9.9973E-05 9.9973E-05 0.940561 9.9973E-05
0.417137 9.99731E-05 9.99731E-05 0.582563 9.99731E-05
9.9973E-05 0.120156 0.879544 9.9973E-05 9.9973E-05
0.198351 0.145769 0.015724 0.49262 0.147537
0.827085 0.00476238 0.0922013 0.0758511 9.9991E-05
9.99731E-05 9.99731E-05 9.99731E-05 0.988331 0.0113688
0.108519 9.99731E-05 9.99731E-05 9.99731E-05 0.891181
9.99731E-05 0.004862 0.994838 9.99731E-05 9.99731E-05
0.18341 0.162302 9.9991E-05 0.180836 0.473352
9.9973E-05 0.981867 0.0178328 9.9973E-05 9.9973E-05
9.99731E-05 9.99731E-05 0.0176333 9.99731E-05 0.982067
9.99821E-05 0.0751051 9.99821E-05 0.0194096 0.905285
9.998E-05 0.374659 0.166968 9.998E-05 0.458173
0.00601353 9.9982E-05 9.9982E-05 0.13471 0.859076
0.240632 0.0192122 0.436967 9.9991E-05 0.303089
0.958623 0.0410767 9.99731E-05 9.99731E-05 9.99731E-05
9.9973E-05 9.9973E-05 9.9973E-05 0.787788 0.211912
0.359212 0.0674847 0.573103 9.99821E-05 9.99821E-05
0.0813755 0.614311 9.9991E-05 0.295123 0.00908967
9.997E-05 9.997E-05 0.9996 9.997E-05 9.997E-05
9.99821E-05 0.603793 0.383774 0.0122333 9.99821E-05
0.9996 9.997E-05 9.997E-05 9.997E-05 9.997E-05
0.9996 9.997E-05 9.997E-05 9.997E-05 9.997E-05
0.361486 9.9973E-05 9.9973E-05 0.638214 9.9973E-05
0.0760827 0.907587 9.9982E-05 9.9982E-05 0.0161307
0.124841 0.102789 0.772171 9.9982E-05 9.9982E-05
9.9973E-05 0.0564733 9.9973E-05 9.9973E-05 0.943227
9.9982E-05 0.791105 0.017365 9.9982E-05 0.19133
0.0825596 0.91714 9.9973E-05 9.9973E-05 9.9973E-05
0.54459 0.146071 0.082208 0.227031 9.9991E-05
9.99821E-05 0.896561 0.0887713 0.0144676 9.99821E-05
9.9973E-05 0.798561 0.201139 9.9973E-05 9.9973E-05
9.99731E-05 0.0282244 0.971476 9.99731E-05 9.99731E-05
9.99731E-05 9.99731E-05 9.99731E-05 0.142077 0.857623
0.9996 9.997E-05 9.997E-05 9.997E-05 9.997E-05
9.99731E-05 9.99731E-05 9.99731E-05 0.826799 0.172901
0.00394436 9.9982E-05 0.986623 9.9982E-05 0.00923246
9.9973E-05 0.232278 9.9973E-05 9.9973E-05 0.767422
9.99731E-05 0.891167 9.99731E-05 9.99731E-05 0.108534
9.999E-05 0.0364418 0.0834218 0.526412 0.353625
9.9982E-05 0.188865 9.9982E-05 0.118624 0.692311
