0.121111 9.9982E-05 0.286665 0.592024 9.9982E-05
0.0507355 9.9973E-05 9.9973E-05 0.948965 9.9973E-05
0.0312449 9.9982E-05 0.566099 0.402456 9.9982E-05
9.9982E-05 0.283937 0.22055 0.495313 9.9982E-05
0.0355461 0.00760594 9.9991E-05 0.010764 0.945984
9.99731E-05 0.922984 0.0767162 9.99731E-05 9.99731E-05
0.0319889 0.0578742 0.304406 0.10455 0.501181
0.0051808 9.9991E-05 0.0450402 0.943001 0.00667784
0.372868 0.626832 9.99731E-05 9.99731E-05 9.99731E-05
9.997E-05 9.997E-05 9.997E-05 9.997E-05 0.9996
9.99731E-05 9.99731E-05 0.09849 9.99731E-05 0.90121
9.9973E-05 0.0594466 9.9973E-05 0.940254 9.9973E-05
0.381066 0.0307634 0.189832 9.9991E-05 0.398239
9.99821E-05 0.0432989 0.794346 9.99821E-05 0.162155
0.281291 9.99731E-05 9.99731E-05 9.99731E-05 0.718409
0.928905 9.99731E-05 0.0707949 9.99731E-05 9.99731E-05
9.999E-05 0.141712 0.0186227 0.833839 0.00572623
0.302318 0.299135 9.9982E-05 9.9982E-05 0.398348
9.9973E-05 0.968353 9.9973E-05 0.0313467 9.9973E-05
0.972498 0.0272019 9.99731E-05 9.99731E-05 9.99731E-05
0.863441 0.0691182 9.9991E-05 0.0506891 0.0166516
0.446191 0.457895 9.9991E-05 0.0778655 0.0179487
0.871782 9.9982E-05 0.0144321 9.9982E-05 0.113586
0.178012 0.146632 0.2067 0.45885 0.00980506
0.00440624 0.0542506 0.941143 9.9982E-05 9.9982E-05
0.554017 9.9973E-05 9.9973E-05 9.9973E-05 0.445683
9.9982E-05 0.105634 0.474468 0.419699 9.9982E-05
0.0867853 0.566457 0.0837766 9.9991E-05 0.262881
0.00633221 9.99732E-05 9.99732E-05 0.993368 9.99732E-05
0.0399708 0.62072 9.99821E-05 0.339109 9.99821E-05
9.9982E-05 9.9982E-05 0.812839 0.0297533 0.157208
9.997E-05 9.997E-05 0.9996 9.997E-05 9.997E-05
9.9982E-05 9.9982E-05 0.125551 0.00310364 0.871145
9.9982E-05 0.944911 0.0439826 9.9982E-05 0.0109062
9.9982E-05 0.231745 0.0987415 0.669314 9.9982E-05
0.875734 0.123966 9.9973E-05 9.9973E-05 9.9973E-05
0.148838 0.850862 9.9973E-05 9.9973E-05 9.9973E-05
0.0246677 0.949732 0.0254006 9.9982E-05 9.9982E-05
9.9991E-05 0.0501129 0.108253 0.201403 0.640131
9.99821E-05 0.876265 9.99821E-05 0.0670259 0.0565087
9.9973E-05 0.690114 9.9973E-05 0.309586 9.9973E-05
9.9973E-05 0.151355 9.9973E-05 0.848345 9.9973E-05
0.997681 9.99731E-05 9.99731E-05 0.00201908 9.99731E-05
9.997E-05 9.997E-05 0.9996 9.997E-05 9.997E-05
0.562015 9.99731E-05 9.99731E-05 9.99731E-05 0.437685
9.997E-05 9.997E-05 9.997E-05 0.9996 9.997E-05
0.787036 0.212664 9.9973E-05 9.9973E-05 9.9973E-05
0.0928092 0.906891 9.99731E-05 9.99731E-05 9.99731E-05
0.557561 9.99821E-05 9.99821E-05 0.103222 0.339017
0.553207 0.354227 9.9982E-05 9.9982E-05 0.0923661
