9.9982E-05 0.180275 0.679169 0.140356 9.9982E-05
9.99731E-05 9.99731E-05 0.929917 0.0697834 9.99731E-05
9.9982E-05 0.645751 0.335298 0.0187518 9.9982E-05
9.9982E-05 0.181023 0.428875 9.9982E-05 0.389902
0.928664 9.9982E-05 0.0549778 9.9982E-05 0.0161583
9.9982E-05 0.104513 9.9982E-05 0.103037 0.79225
0.170264 0.732249 9.9991E-05 0.053102 0.0442858
9.99731E-05 0.058445 0.941255 9.99731E-05 9.99731E-05
9.99731E-05 9.99731E-05 9.99731E-05 0.42973 0.569971
0.9996 9.997E-05 9.997E-05 9.997E-05 9.997E-05
0.692188 0.307512 9.99731E-05 9.99731E-05 9.99731E-05
9.9973E-05 9.9973E-05 0.930591 9.9973E-05 0.0691087
0.494786 0.166374 0.0869767 0.251764 9.9991E-05
0.0201682 0.85315 9.99821E-05 9.99821E-05 0.126482
0.975967 9.99731E-05 9.99731E-05 0.0237331 9.99731E-05
9.99731E-05 0.118975 9.99731E-05 0.880725 9.99731E-05
9.9982E-05 0.00330703 0.931254 9.9982E-05 0.0652394
0.36785 0.0656093 9.9991E-05 0.366977 0.199464
9.997E-05 9.997E-05 9.997E-05 9.997E-05 0.9996
9.997E-05 9.997E-05 9.997E-05 0.9996 9.997E-05
9.99821E-05 9.99821E-05 0.084116 0.869339 0.046345
0.0167519 9.9991E-05 0.127092 0.412797 0.443259
0.14612 0.0660845 0.0148312 0.772865 9.9991E-05
9.999E-05 0.270433 0.402782 0.198381 0.128305
9.9973E-05 0.947892 9.9973E-05 9.9973E-05 0.0518081
0.710913 9.9973E-05 9.9973E-05 0.288787 9.9973E-05
9.99821E-05 0.381746 0.499753 9.99821E-05 0.118301
0.292724 0.00942181 0.0489449 9.9991E-05 0.648809
9.99731E-05 9.99731E-05 0.971616 0.0280839 9.99731E-05
9.99731E-05 9.99731E-05 0.274981 9.99731E-05 0.724719
9.997E-05 0.9996 9.997E-05 9.997E-05 9.997E-05
9.997E-05 0.9996 9.997E-05 9.997E-05 9.997E-05
0.638501 0.3612 9.9973E-05 9.9973E-05 9.9973E-05
9.9982E-05 0.0784875 9.9982E-05 0.0637752 0.857537
9.9982E-05 0.0715652 0.669349 9.9982E-05 0.258886
9.9973E-05 9.9973E-05 9.9973E-05 0.958164 0.0415357
9.9973E-05 9.9973E-05 9.9973E-05 0.169287 0.830413
9.9982E-05 0.0295177 9.9982E-05 0.112463 0.857819
0.359218 0.469944 0.0453493 9.9991E-05 0.125389
0.028449 9.99821E-05 0.0119663 9.99821E-05 0.959385
9.9973E-05 9.9973E-05 0.183699 9.9973E-05 0.816002
9.99731E-05 9.99731E-05 0.883702 9.99731E-05 0.115998
0.0498864 9.99731E-05 9.99731E-05 0.949814 9.99731E-05
9.997E-05 0.9996 9.997E-05 9.997E-05 9.997E-05
0.691311 9.99731E-05 9.99731E-05 0.308389 9.99731E-05
9.99731E-05 9.99731E-05 0.93395 0.06575 9.99731E-05
9.9973E-05 9.9973E-05 9.9973E-05 0.767273 0.232427
9.99731E-05 9.99731E-05 9.99731E-05 0.19528 0.80442
0.518723 9.99821E-05 0.14286 0.338217 9.99821E-05
0.0818839 9.9982E-05 9.9982E-05 0.618647 0.29927
