0.0582942 9.99821E-05 9.99821E-05 0.114691 0.826815
0.013352 9.9973E-05 9.9973E-05 9.9973E-05 0.986348
0.0495737 9.9982E-05 9.9982E-05 0.5202 0.430026
9.99821E-05 9.99821E-05 0.281583 0.174291 0.543927
9.9973E-05 0.880917 9.9973E-05 0.118783 9.9973E-05
9.9973E-05 9.9973E-05 0.874555 0.125145 9.9973E-05
0.177457 0.0492985 9.9982E-05 0.773045 9.9982E-05
0.0340739 9.9982E-05 9.9982E-05 0.0630852 0.902641
0.493277 9.99731E-05 0.506423 9.99731E-05 9.99731E-05
9.9973E-05 0.895695 9.9973E-05 0.104005 9.9973E-05
9.99732E-05 0.548684 9.99732E-05 0.451016 9.99732E-05
9.9973E-05 9.9973E-05 0.0396685 9.9973E-05 0.960032
0.0884487 0.667025 0.0458674 0.138408 0.060251
9.999E-05 0.00775565 0.0433311 0.906997 0.0418164
9.9973E-05 0.976665 0.0230353 9.9973E-05 9.9973E-05
0.907859 9.99731E-05 9.99731E-05 0.0918414 9.99731E-05
9.9982E-05 0.0177639 0.0856837 9.9982E-05 0.896352
0.280191 0.335781 0.251392 0.132537 9.9991E-05
9.9973E-05 9.9973E-05 0.988558 9.9973E-05 0.0111423
0.984946 0.0147539 9.99731E-05 9.99731E-05 9.99731E-05
0.902948 0.0147731 9.9982E-05 9.9982E-05 0.0820788
0.450041 9.99821E-05 0.510442 9.99821E-05 0.0393167
0.892068 0.10365 9.9982E-05 0.00408131 9.9982E-05
0.141466 0.0722411 9.9991E-05 0.194473 0.59172
9.99731E-05 9.99731E-05 0.0437183 0.955982 9.99731E-05
0.0949169 0.904783 9.9973E-05 9.9973E-05 9.9973E-05
9.998E-05 9.998E-05 0.0063737 0.332871 0.660556
0.0848747 0.226101 0.54059 0.148335 9.9991E-05
0.00772586 9.99732E-05 9.99732E-05 9.99732E-05 0.991974
0.0424733 9.99821E-05 0.532162 9.99821E-05 0.425165
9.997E-05 9.997E-05 9.997E-05 0.9996 9.997E-05
9.997E-05 9.997E-05 9.997E-05 0.9996 9.997E-05
9.9973E-05 0.487703 9.9973E-05 0.511997 9.9973E-05
9.9973E-05 9.9973E-05 0.927003 0.072697 9.9973E-05
9.9982E-05 9.9982E-05 0.138824 0.0311763 0.8298
0.921059 9.9973E-05 0.078641 9.9973E-05 9.9973E-05
0.104069 9.99731E-05 0.895632 9.99731E-05 9.99731E-05
0.0483578 0.0281107 0.850881 0.0725505 9.9991E-05
0.0371768 0.217977 0.0529638 0.586109 0.105774
0.0153902 0.0515628 0.798849 9.9991E-05 0.134098
9.9973E-05 9.9973E-05 0.804074 9.9973E-05 0.195626
9.9973E-05 9.9973E-05 0.164419 9.9973E-05 0.835281
0.837345 0.162355 9.997E-05 9.997E-05 9.997E-05
9.997E-05 9.997E-05 9.997E-05 0.9996 9.997E-05
0.20673 0.79297 9.99731E-05 9.99731E-05 9.99731E-05
9.997E-05 9.997E-05 9.997E-05 9.997E-05 0.9996
0.833243 9.9973E-05 0.166457 9.9973E-05 9.9973E-05
0.208271 9.99731E-05 0.791429 9.99731E-05 9.99731E-05
0.323518 0.546789 9.99821E-05 9.99821E-05 0.129494
0.788415 0.0153518 0.196033 9.99821E-05 9.99821E-05
