9.9982E-05 0.179226 0.108729 9.9982E-05 0.711845
9.9973E-05 9.9973E-05 0.0109278 9.9973E-05 0.988772
9.9973E-05 0.543737 9.9973E-05 9.9973E-05 0.455963
9.9982E-05 0.162094 9.9982E-05 0.291159 0.546547
0.848322 0.129857 9.9982E-05 0.0216215 9.9982E-05
9.9982E-05 0.0762559 0.0289175 0.894627 9.9982E-05
9.9973E-05 0.857651 0.142049 9.9973E-05 9.9973E-05
9.99731E-05 0.0477943 9.99731E-05 9.99731E-05 0.951906
9.9973E-05 9.9973E-05 0.513657 0.486043 9.9973E-05
0.772275 0.227425 9.9973E-05 9.9973E-05 9.9973E-05
0.36853 0.63117 9.99731E-05 9.99731E-05 9.99731E-05
9.9973E-05 9.9973E-05 9.9973E-05 0.203621 0.796079
0.44018 0.287428 0.214558 0.0338456 0.0239879
0.164327 0.695991 9.9991E-05 0.000149159 0.139434
0.9996 9.997E-05 9.997E-05 9.997E-05 9.997E-05
9.99731E-05 0.0719084 0.927792 9.99731E-05 9.99731E-05
9.9982E-05 0.00101668 9.9982E-05 0.074612 0.924171
0.170249 0.227902 0.385083 0.216666 9.9991E-05
9.997E-05 9.997E-05 9.997E-05 0.9996 9.997E-05
0.0113972 9.99731E-05 0.988303 9.99731E-05 9.99731E-05
0.161155 9.9991E-05 0.765672 0.0678381 0.00523494
9.9982E-05 9.9982E-05 0.521192 0.354731 0.123877
0.205147 0.0548052 0.739848 9.9982E-05 9.9982E-05
0.164819 0.127892 0.0750558 0.135818 0.496415
9.9973E-05 0.852797 9.9973E-05 0.146903 9.9973E-05
0.85144 9.9973E-05 0.14826 9.9973E-05 9.9973E-05
9.99731E-05 0.264299 9.99731E-05 9.99731E-05 0.735401
0.299222 0.114739 0.024521 0.561418 9.9991E-05
9.99732E-05 9.99732E-05 0.0443912 9.99732E-05 0.955309
9.99731E-05 9.99731E-05 9.99731E-05 0.701158 0.298542
9.997E-05 0.9996 9.997E-05 9.997E-05 9.997E-05
9.997E-05 0.9996 9.997E-05 9.997E-05 9.997E-05
0.442182 0.557518 9.9973E-05 9.9973E-05 9.9973E-05
9.9982E-05 0.0459582 0.0329481 0.920894 9.9982E-05
9.9982E-05 0.0146114 9.9982E-05 0.146907 0.838281
9.9973E-05 0.0130307 0.986669 9.9973E-05 9.9973E-05
9.9973E-05 9.9973E-05 0.284006 0.715694 9.9973E-05
9.9973E-05 9.9973E-05 0.0472391 0.952461 9.9973E-05
0.293918 0.457219 0.0375962 9.9991E-05 0.211167
0.0761611 9.99821E-05 9.99821E-05 0.87597 0.0476689
9.9973E-05 9.9973E-05 9.9973E-05 0.871082 0.128618
9.9973E-05 9.9973E-05 9.9973E-05 0.314689 0.685011
0.331032 9.99731E-05 0.668669 9.99731E-05 9.99731E-05
9.9973E-05 0.94248 9.9973E-05 9.9973E-05 0.0572202
0.944711 9.99731E-05 0.0549896 9.99731E-05 9.99731E-05
9.99731E-05 9.99731E-05 0.0471129 9.99731E-05 0.952587
9.99731E-05 9.99731E-05 0.873902 0.125798 9.99731E-05
9.99731E-05 9.99731E-05 0.306775 0.692925 9.99731E-05
0.607619 9.99821E-05 0.25922 9.99821E-05 0.132961
0.049642 9.99821E-05 0.713623 0.236535 9.99821E-05
