0.123259 9.9982E-05 0.596827 0.279714 9.9982E-05
0.0244502 9.9973E-05 0.97525 9.9973E-05 9.9973E-05
0.0255635 9.9982E-05 0.28284 0.691396 9.9982E-05
9.99821E-05 9.99821E-05 0.69164 0.125006 0.183154
9.999E-05 0.917536 0.0650925 0.0149145 0.00235656
0.00846069 9.9982E-05 9.9982E-05 0.123701 0.867638
0.0289453 0.357844 9.9991E-05 0.553661 0.0594495
9.99731E-05 9.99731E-05 0.933403 0.0662971 9.99731E-05
0.461467 9.99731E-05 9.99731E-05 9.99731E-05 0.538233
9.997E-05 0.9996 9.997E-05 9.997E-05 9.997E-05
9.99731E-05 0.654656 9.99731E-05 0.345044 9.99731E-05
9.9973E-05 9.9973E-05 0.941097 9.9973E-05 0.0586033
0.111976 0.679233 9.999E-05 0.0746169 0.134074
9.999E-05 0.161472 0.145573 0.691521 0.00133368
0.022003 0.943349 9.9982E-05 9.9982E-05 0.0344482
0.898574 9.99731E-05 9.99731E-05 0.101126 9.99731E-05
9.9982E-05 0.0321576 0.926322 9.9982E-05 0.0413207
0.340393 0.342003 9.9991E-05 0.0737435 0.24376
9.997E-05 9.997E-05 9.997E-05 9.997E-05 0.9996
0.9996 9.997E-05 9.997E-05 9.997E-05 9.997E-05
0.858763 0.0243349 0.000604985 9.9991E-05 0.116197
0.587206 9.9982E-05 0.104879 9.9982E-05 0.307715
0.817839 0.170547 9.9982E-05 0.0114133 9.9982E-05
0.117367 0.18139 0.464554 0.116361 0.120328
9.9982E-05 9.9982E-05 0.001984 0.955685 0.0421313
0.312334 0.687367 9.9973E-05 9.9973E-05 9.9973E-05
9.99731E-05 9.99731E-05 0.735196 0.264504 9.99731E-05
9.99731E-05 0.365427 9.99731E-05 9.99731E-05 0.634273
0.026991 9.99732E-05 0.972709 9.99732E-05 9.99732E-05
9.99731E-05 9.99731E-05 0.345148 9.99731E-05 0.654552
9.997E-05 9.997E-05 9.997E-05 0.9996 9.997E-05
9.997E-05 9.997E-05 9.997E-05 0.9996 9.997E-05
9.9973E-05 0.780859 9.9973E-05 0.218841 9.9973E-05
0.0350984 9.9982E-05 9.9982E-05 0.108562 0.85614
9.9982E-05 9.9982E-05 0.841154 0.0487845 0.109861
0.9996 9.997E-05 9.997E-05 9.997E-05 9.997E-05
0.212288 9.9973E-05 9.9973E-05 9.9973E-05 0.787412
0.0156738 0.0216827 9.9991E-05 0.022951 0.939593
9.9991E-05 0.393143 0.0325519 0.433622 0.140582
9.99821E-05 0.0521058 0.0603515 9.99821E-05 0.887343
9.9973E-05 9.9973E-05 0.273132 9.9973E-05 0.726568
9.9973E-05 9.9973E-05 0.916649 9.9973E-05 0.083051
0.920058 0.0796425 9.99731E-05 9.99731E-05 9.99731E-05
9.997E-05 9.997E-05 9.997E-05 0.9996 9.997E-05
0.403526 0.596174 9.99731E-05 9.99731E-05 9.99731E-05
0.0179067 9.99731E-05 0.981793 9.99731E-05 9.99731E-05
0.793936 9.997E-05 9.997E-05 9.997E-05 0.205765
0.125102 9.99731E-05 9.99731E-05 9.99731E-05 0.874598
0.45602 0.482496 0.0612835 9.99821E-05 9.99821E-05
0.727528 9.99821E-05 9.99821E-05 0.00270454 0.269568
