0.18446 9.9982E-05 0.677198 0.138142 9.9982E-05
9.997E-05 9.997E-05 0.911816 0.0878844 9.997E-05
0.521344 9.9982E-05 0.412586 0.0658695 9.9982E-05
0.0568886 0.0870717 0.605947 9.9991E-05 0.249993
9.9973E-05 0.963418 0.0362822 9.9973E-05 9.9973E-05
0.033555 9.9991E-05 0.122153 0.0471864 0.797006
0.523034 0.339078 0.0243737 0.0841 0.0294141
0.0836427 9.99731E-05 0.916057 9.99731E-05 9.99731E-05
9.99731E-05 9.99731E-05 9.99731E-05 0.496142 0.503558
9.997E-05 0.9996 9.997E-05 9.997E-05 9.997E-05
0.305979 0.693722 9.99731E-05 9.99731E-05 9.99731E-05
9.9973E-05 9.9973E-05 0.759732 9.9973E-05 0.239968
0.152489 0.530303 9.999E-05 0.168258 0.14885
0.735914 0.111891 0.103405 9.9991E-05 0.0486901
9.99731E-05 0.846118 9.99731E-05 0.153582 9.99731E-05
0.149059 9.99731E-05 9.99731E-05 0.850641 9.99731E-05
9.99731E-05 9.99731E-05 0.778172 9.99731E-05 0.221528
0.0153466 0.359051 9.9991E-05 0.330176 0.295327
9.9973E-05 9.9973E-05 0.015848 9.9973E-05 0.983852
9.997E-05 9.997E-05 9.997E-05 0.9996 9.997E-05
9.999E-05 0.0281 0.018814 0.939266 0.0137202
9.999E-05 0.0694444 0.0257661 0.229964 0.674726
0.0245218 0.198665 9.9982E-05 0.776613 9.9982E-05
0.262228 0.0254356 0.427271 0.248144 0.0369211
0.918531 9.9973E-05 9.9973E-05 9.9973E-05 0.0811691
9.997E-05 0.563683 9.997E-05 0.436017 9.997E-05
0.246651 9.998E-05 0.66262 9.998E-05 0.0905291
0.0356006 0.228299 9.999E-05 0.100458 0.635542
9.997E-05 9.997E-05 0.949008 0.0506921 9.997E-05
9.99731E-05 9.99731E-05 0.189132 9.99731E-05 0.810568
0.971592 0.0281076 9.9973E-05 9.9973E-05 9.9973E-05
0.9996 9.997E-05 9.997E-05 9.997E-05 9.997E-05
0.243598 0.756102 9.9973E-05 9.9973E-05 9.9973E-05
0.0809058 9.998E-05 9.998E-05 0.0341795 0.884715
0.0404843 9.9982E-05 0.780605 9.9982E-05 0.17871
0.0245667 9.998E-05 9.998E-05 0.922723 0.0525103
9.997E-05 9.997E-05 9.997E-05 0.171739 0.827961
0.0316811 9.998E-05 9.998E-05 0.0622643 0.905855
0.554958 0.306547 0.0108551 9.9991E-05 0.12754
9.99821E-05 0.0194424 0.0019778 9.99821E-05 0.97838
9.9973E-05 9.9973E-05 0.187242 9.9973E-05 0.812458
9.9973E-05 9.9973E-05 0.748515 9.9973E-05 0.251185
9.99731E-05 0.142849 9.99731E-05 0.856851 9.99731E-05
0.9996 9.997E-05 9.997E-05 9.997E-05 9.997E-05
9.99731E-05 0.731858 9.99731E-05 0.267842 9.99731E-05
9.997E-05 9.997E-05 0.954673 0.0450274 9.997E-05
9.9973E-05 9.9973E-05 9.9973E-05 0.855201 0.144499
9.99731E-05 9.99731E-05 9.99731E-05 0.0859605 0.91374
9.99821E-05 0.427061 0.07683 0.495909 9.99821E-05
9.998E-05 0.0512645 9.998E-05 0.616165 0.332371
