9.9982E-05 0.242153 0.638116 9.9982E-05 0.119532
9.997E-05 9.997E-05 0.980498 9.997E-05 0.0192021
9.998E-05 0.566488 0.360804 9.998E-05 0.0725072
0.277257 0.129036 0.593507 9.9982E-05 9.9982E-05
0.0635593 0.0312146 9.9982E-05 0.905026 9.9982E-05
0.904181 0.0620527 9.9982E-05 9.9982E-05 0.0335668
0.0723489 0.513802 9.999E-05 0.401319 0.0124305
9.99731E-05 0.0154853 0.984215 9.99731E-05 9.99731E-05
0.486979 9.99731E-05 9.99731E-05 9.99731E-05 0.512721
9.997E-05 9.997E-05 9.997E-05 0.9996 9.997E-05
9.997E-05 0.0461838 9.997E-05 0.953516 9.997E-05
0.113498 9.9973E-05 0.886202 9.9973E-05 9.9973E-05
0.0776528 0.18886 9.999E-05 0.525532 0.207855
0.104005 0.875434 9.9982E-05 0.0203618 9.9982E-05
0.0070332 9.9982E-05 9.9982E-05 0.827737 0.16503
9.997E-05 0.0642853 9.997E-05 9.997E-05 0.935415
0.0563664 9.9982E-05 0.93072 0.0127131 9.9982E-05
0.265583 0.0358253 9.999E-05 0.403673 0.294819
0.965484 9.9973E-05 0.0342163 9.9973E-05 9.9973E-05
9.997E-05 9.997E-05 9.997E-05 9.997E-05 0.9996
0.0418907 9.9991E-05 0.0804778 0.0208096 0.856722
0.374292 9.9982E-05 0.141227 9.9982E-05 0.484281
9.998E-05 0.0936003 9.998E-05 0.0829497 0.82325
0.00765739 0.103347 0.590035 0.107296 0.191664
0.112307 0.879662 9.998E-05 9.998E-05 0.00783041
9.9973E-05 9.9973E-05 9.9973E-05 0.536272 0.463428
0.102658 0.35844 0.538702 9.998E-05 9.998E-05
0.577614 0.0640386 9.998E-05 0.358148 9.998E-05
9.99732E-05 9.99732E-05 0.960269 9.99732E-05 0.0394315
0.606084 9.99731E-05 0.393616 9.99731E-05 9.99731E-05
9.997E-05 0.9996 9.997E-05 9.997E-05 9.997E-05
9.997E-05 0.9996 9.997E-05 9.997E-05 9.997E-05
9.9973E-05 0.299136 9.9973E-05 0.700564 9.9973E-05
0.924115 0.0755851 9.997E-05 9.997E-05 9.997E-05
0.173538 0.0621195 0.764143 9.9982E-05 9.9982E-05
0.0339893 9.9973E-05 9.9973E-05 9.9973E-05 0.965711
0.877718 9.997E-05 9.997E-05 9.997E-05 0.121982
0.836781 0.0651495 0.0303223 9.999E-05 0.0676473
0.0685667 0.348224 0.107488 0.475621 9.999E-05
0.923224 9.998E-05 0.04142 0.0351561 9.998E-05
0.784315 9.9973E-05 0.215385 9.9973E-05 9.9973E-05
0.123756 9.9973E-05 0.875945 9.9973E-05 9.9973E-05
9.99731E-05 9.99731E-05 9.99731E-05 0.0167269 0.982973
9.997E-05 0.9996 9.997E-05 9.997E-05 9.997E-05
9.997E-05 9.997E-05 9.997E-05 0.71253 0.28717
9.997E-05 9.997E-05 0.966638 9.997E-05 0.0330625
0.257174 9.9973E-05 9.9973E-05 9.9973E-05 0.742526
0.877131 9.99731E-05 9.99731E-05 9.99731E-05 0.122569
9.998E-05 9.998E-05 0.107748 0.530882 0.361169
0.323117 9.998E-05 9.998E-05 0.0468972 0.629786
