0.175717 0.561094 9.9982E-05 9.9982E-05 0.262989
0.0599841 0.939716 9.9973E-05 9.9973E-05 9.9973E-05
0.0430011 0.35639 9.9982E-05 9.9982E-05 0.600409
9.999E-05 0.648229 0.0362028 0.196941 0.118527
9.9982E-05 0.0218856 0.97062 0.00729428 9.9982E-05
9.9982E-05 0.0332148 9.9982E-05 0.838236 0.128349
0.101585 9.9991E-05 0.231974 0.0121321 0.654208
0.00975267 0.955863 9.99821E-05 9.99821E-05 0.0341841
0.429556 9.99731E-05 9.99731E-05 0.570144 9.99731E-05
9.997E-05 9.997E-05 0.9996 9.997E-05 9.997E-05
9.99731E-05 9.99731E-05 0.746413 9.99731E-05 0.253287
9.9973E-05 0.921993 9.9973E-05 0.077707 9.9973E-05
0.193204 0.0625677 0.562536 0.0543901 0.127302
9.999E-05 0.0227506 0.185068 0.0645714 0.72751
0.153988 9.99731E-05 0.845712 9.99731E-05 9.99731E-05
0.913963 9.99731E-05 9.99731E-05 9.99731E-05 0.0857374
9.9973E-05 0.94057 9.9973E-05 0.0591297 9.9973E-05
0.407997 9.9991E-05 0.218167 0.283799 0.0899366
9.9973E-05 0.0316346 9.9973E-05 0.968066 9.9973E-05
0.88827 0.0282159 0.0124849 0.0600114 0.011018
0.90404 0.0951448 9.9982E-05 0.000615152 9.9982E-05
0.370077 0.174908 0.0282162 0.426699 9.9991E-05
0.862788 9.9982E-05 0.0887492 9.9982E-05 0.0482625
0.199784 0.588004 0.0231965 0.0353128 0.153702
0.0483188 9.9973E-05 9.9973E-05 9.9973E-05 0.951381
0.446594 9.9973E-05 0.553106 9.9973E-05 9.9973E-05
9.99821E-05 0.600508 9.99821E-05 0.0758581 0.323434
0.00556003 9.9991E-05 0.291064 0.631893 0.0713822
0.0704984 0.929202 9.99732E-05 9.99732E-05 9.99732E-05
9.99731E-05 0.332399 9.99731E-05 0.667301 9.99731E-05
9.9973E-05 9.9973E-05 0.0964545 9.9973E-05 0.903246
9.997E-05 9.997E-05 9.997E-05 9.997E-05 0.9996
9.9982E-05 0.0325881 0.794227 9.9982E-05 0.172985
9.9973E-05 9.9973E-05 9.9973E-05 0.873384 0.126316
9.9982E-05 0.820614 9.9982E-05 0.102707 0.0764786
0.94048 9.9973E-05 9.9973E-05 0.0592204 9.9973E-05
0.206013 9.9973E-05 9.9973E-05 0.793687 9.9973E-05
0.0216258 9.9991E-05 0.00530735 0.961296 0.0116706
9.9991E-05 0.122972 0.424126 0.114397 0.338405
9.99821E-05 0.0964402 0.010101 0.893259 9.99821E-05
9.9973E-05 0.19113 9.9973E-05 0.80857 9.9973E-05
9.9973E-05 0.845207 9.9973E-05 0.154493 9.9973E-05
0.961477 9.99731E-05 0.0382232 9.99731E-05 9.99731E-05
9.9973E-05 0.0202188 9.9973E-05 9.9973E-05 0.979481
0.323855 9.99731E-05 0.675845 9.99731E-05 9.99731E-05
9.997E-05 0.9996 9.997E-05 9.997E-05 9.997E-05
0.806889 9.9973E-05 9.9973E-05 0.192811 9.9973E-05
0.147478 9.99731E-05 9.99731E-05 0.852222 9.99731E-05
0.493927 0.0996285 0.406244 9.99821E-05 9.99821E-05
0.605922 9.9982E-05 0.0854163 0.308462 9.9982E-05
