9.9991E-05 0.0104083 0.133169 0.120686 0.735637
9.9973E-05 9.9973E-05 9.9973E-05 0.0112106 0.988489
9.9982E-05 9.9982E-05 0.526126 0.0302842 0.44339
0.319577 9.99821E-05 0.156194 9.99821E-05 0.524028
9.9982E-05 0.846056 0.0826083 9.9982E-05 0.0711354
0.875393 9.9982E-05 0.0822083 0.0421983 9.9982E-05
9.99731E-05 9.99731E-05 0.81308 0.18662 9.99731E-05
9.99731E-05 9.99731E-05 0.0801516 9.99731E-05 0.919548
0.429368 9.99731E-05 9.99731E-05 0.570332 9.99731E-05
9.9973E-05 0.824668 0.175032 9.9973E-05 9.9973E-05
9.99731E-05 0.454263 0.545437 9.99731E-05 9.99731E-05
0.00647503 9.9973E-05 9.9973E-05 9.9973E-05 0.993225
0.0900716 0.594832 0.200374 0.0618683 0.0528537
9.99821E-05 0.118307 0.691659 9.99821E-05 0.189834
9.997E-05 0.9996 9.997E-05 9.997E-05 9.997E-05
9.99731E-05 9.99731E-05 0.0635922 0.936108 9.99731E-05
0.090483 9.9982E-05 0.0270972 9.9982E-05 0.88222
0.154522 0.218363 0.223693 0.403322 9.9991E-05
0.9996 9.997E-05 9.997E-05 9.997E-05 9.997E-05
9.997E-05 9.997E-05 9.997E-05 0.9996 9.997E-05
0.123861 0.107538 9.9991E-05 0.715369 0.053132
0.24541 9.9982E-05 9.9982E-05 0.566635 0.187755
9.9982E-05 0.0767902 0.0451764 0.877833 9.9982E-05
0.0824835 9.9991E-05 0.23014 0.26967 0.417607
0.0796583 9.9973E-05 0.920042 9.9973E-05 9.9973E-05
9.9973E-05 0.836797 9.9973E-05 0.162903 9.9973E-05
9.99731E-05 9.99731E-05 0.340948 9.99731E-05 0.658752
0.592334 0.2941 0.102956 0.01051 9.9991E-05
9.99732E-05 9.99732E-05 9.99732E-05 0.0508748 0.948825
0.710531 9.99731E-05 9.99731E-05 9.99731E-05 0.289169
9.997E-05 9.997E-05 0.9996 9.997E-05 9.997E-05
9.997E-05 9.997E-05 0.9996 9.997E-05 9.997E-05
9.9973E-05 0.447553 0.552147 9.9973E-05 9.9973E-05
0.882316 9.9982E-05 0.0507731 0.0667107 9.9982E-05
0.172032 9.9982E-05 0.0549217 9.9982E-05 0.772846
9.9973E-05 9.9973E-05 0.0119796 0.98772 9.9973E-05
0.890028 9.99731E-05 9.99731E-05 0.109672 9.99731E-05
0.853034 9.99731E-05 9.99731E-05 0.146666 9.99731E-05
0.157602 0.111479 0.730719 9.99821E-05 9.99821E-05
0.974523 0.00180211 9.99821E-05 9.99821E-05 0.0234744
0.840649 9.9973E-05 9.9973E-05 9.9973E-05 0.159051
0.200813 9.9973E-05 9.9973E-05 9.9973E-05 0.798887
9.99731E-05 0.279784 9.99731E-05 0.719916 9.99731E-05
9.9973E-05 9.9973E-05 0.991276 9.9973E-05 0.0084243
9.9973E-05 0.891408 9.9973E-05 0.108292 9.9973E-05
9.99731E-05 9.99731E-05 9.99731E-05 0.0430315 0.956669
0.147227 9.9973E-05 9.9973E-05 0.852474 9.9973E-05
0.817156 9.99731E-05 9.99731E-05 0.182544 9.99731E-05
9.99821E-05 0.629515 9.99821E-05 0.247738 0.122547
0.325251 0.0782572 9.99821E-05 0.596292 9.99821E-05
