0.626303 0.152746 9.9982E-05 9.9982E-05 0.220751
0.949691 0.0500092 9.9973E-05 9.9973E-05 9.9973E-05
0.39434 0.0248969 9.9982E-05 9.9982E-05 0.580563
0.612687 9.9991E-05 0.27108 0.00955918 0.106573
0.0350189 9.9991E-05 0.0417726 0.904897 0.0182119
0.0497563 9.9982E-05 0.884389 9.9982E-05 0.0656545
0.000696149 0.0190366 0.114875 0.460904 0.404488
0.906085 0.0023789 9.9982E-05 9.9982E-05 0.0913358
9.9973E-05 0.461186 0.538514 9.9973E-05 9.9973E-05
9.997E-05 9.997E-05 9.997E-05 0.9996 9.997E-05
9.997E-05 9.997E-05 9.997E-05 0.877063 0.122637
0.925782 9.9973E-05 0.0739176 9.9973E-05 9.9973E-05
9.9991E-05 0.301253 0.0581942 0.449342 0.191111
9.99821E-05 9.99821E-05 0.0846476 0.154218 0.760935
9.9973E-05 0.165985 9.9973E-05 0.833715 9.9973E-05
9.99731E-05 0.873889 9.99731E-05 9.99731E-05 0.125811
0.869057 9.9973E-05 0.130643 9.9973E-05 9.9973E-05
9.9982E-05 0.31033 0.25797 0.4315 9.9982E-05
0.0287667 9.9973E-05 0.970933 9.9973E-05 9.9973E-05
9.997E-05 0.9996 9.997E-05 9.997E-05 9.997E-05
9.99731E-05 0.897969 0.101731 9.99731E-05 9.99731E-05
9.99821E-05 0.47 0.526723 0.00307741 9.99821E-05
9.9982E-05 0.828643 9.9982E-05 0.139183 0.0319738
0.52977 0.171739 0.0456572 0.128411 0.124423
9.9982E-05 0.0422936 0.0601987 9.9982E-05 0.897308
9.9973E-05 0.427449 9.9973E-05 0.572251 9.9973E-05
0.582794 9.998E-05 0.103695 9.998E-05 0.313312
9.9991E-05 0.0973794 0.619076 0.224678 0.0587662
0.9996 9.997E-05 9.997E-05 9.997E-05 9.997E-05
0.286088 9.99731E-05 0.713612 9.99731E-05 9.99731E-05
9.99731E-05 9.99731E-05 9.99731E-05 0.078317 0.921383
9.997E-05 9.997E-05 9.997E-05 9.997E-05 0.9996
9.9973E-05 9.9973E-05 9.9973E-05 0.815391 0.184309
9.99731E-05 9.99731E-05 0.957433 9.99731E-05 0.0422667
0.702155 9.9982E-05 0.20397 9.9982E-05 0.0936752
0.0149375 0.929017 0.0558454 9.9982E-05 9.9982E-05
9.9973E-05 0.145664 0.854036 9.9973E-05 9.9973E-05
9.9982E-05 9.9982E-05 0.930982 0.0282506 0.040567
0.303104 9.99821E-05 9.99821E-05 0.572408 0.124288
0.0406647 9.99821E-05 0.915746 0.0433894 9.99821E-05
0.202502 9.997E-05 0.797198 9.997E-05 9.997E-05
0.83929 9.997E-05 0.16041 9.997E-05 9.997E-05
9.997E-05 0.9996 9.997E-05 9.997E-05 9.997E-05
9.997E-05 9.997E-05 9.997E-05 9.997E-05 0.9996
9.99731E-05 0.357895 9.99731E-05 0.641805 9.99731E-05
0.977801 0.0218986 9.997E-05 9.997E-05 9.997E-05
9.9973E-05 0.786497 0.213204 9.9973E-05 9.9973E-05
9.99731E-05 0.14326 0.85644 9.99731E-05 9.99731E-05
0.0756944 0.525948 9.99821E-05 0.398157 9.99821E-05
9.9982E-05 0.553372 0.366347 0.0800817 9.9982E-05
