0.748849 0.18358 0.0673707 9.9982E-05 9.9982E-05
0.992851 9.99731E-05 0.00684952 9.99731E-05 9.99731E-05
0.460767 0.434106 9.9982E-05 9.9982E-05 0.104927
9.99731E-05 9.99731E-05 9.99731E-05 0.0141449 0.985555
9.9973E-05 0.610556 0.389145 9.9973E-05 9.9973E-05
0.0328863 0.0210012 9.9982E-05 0.945913 9.9982E-05
9.9982E-05 0.808536 9.9982E-05 0.108075 0.0831896
0.936088 0.0636126 9.99731E-05 9.99731E-05 9.99731E-05
9.997E-05 9.997E-05 0.319501 0.680199 9.997E-05
9.997E-05 0.766988 0.232712 9.997E-05 9.997E-05
9.997E-05 0.9996 9.997E-05 9.997E-05 9.997E-05
0.837308 9.9982E-05 9.9982E-05 0.138345 0.0241472
9.9982E-05 0.503057 0.417085 0.079658 9.9982E-05
9.997E-05 0.751932 9.997E-05 9.997E-05 0.247768
9.99731E-05 0.397171 0.602529 9.99731E-05 9.99731E-05
9.998E-05 0.068825 0.621898 0.309077 9.998E-05
0.573106 9.9982E-05 9.9982E-05 0.0796842 0.34701
9.9982E-05 0.261606 0.421074 0.31712 9.9982E-05
0.0883143 9.9973E-05 9.9973E-05 0.911386 9.9973E-05
9.9982E-05 9.9982E-05 0.863796 0.0147973 0.121207
9.9982E-05 9.9982E-05 0.711619 0.286881 0.00129985
0.146368 9.9982E-05 0.2431 0.610332 9.9982E-05
9.9973E-05 9.9973E-05 0.915701 0.0839987 9.9973E-05
9.9982E-05 0.00569441 0.158858 9.9982E-05 0.835247
9.99731E-05 0.649837 9.99731E-05 9.99731E-05 0.349863
9.9973E-05 0.222983 0.776717 9.9973E-05 9.9973E-05
9.997E-05 9.997E-05 9.997E-05 9.997E-05 0.9996
9.99821E-05 0.27788 0.101326 0.620594 9.99821E-05
0.987787 9.997E-05 0.011913 9.997E-05 9.997E-05
0.107605 9.998E-05 9.998E-05 0.544437 0.347758
0.09554 0.90416 9.99731E-05 9.99731E-05 9.99731E-05
9.99731E-05 0.989154 9.99731E-05 9.99731E-05 0.0105462
9.9973E-05 0.992992 0.00670824 9.9973E-05 9.9973E-05
9.9982E-05 0.058264 9.9982E-05 0.928393 0.013143
0.118929 9.9973E-05 9.9973E-05 9.9973E-05 0.880771
9.9973E-05 9.9973E-05 0.745572 0.254128 9.9973E-05
9.99731E-05 9.99731E-05 0.064841 0.934859 9.99731E-05
0.0397022 0.0289885 0.0126514 0.891905 0.0267526
0.111014 0.774568 9.998E-05 0.114218 9.998E-05
9.99731E-05 9.99731E-05 9.99731E-05 0.704779 0.294921
0.0820709 9.9982E-05 9.9982E-05 0.850357 0.0673722
0.816117 9.9973E-05 9.9973E-05 0.183583 9.9973E-05
9.997E-05 9.997E-05 0.9996 9.997E-05 9.997E-05
9.9973E-05 0.753716 9.9973E-05 9.9973E-05 0.245984
9.997E-05 0.263252 0.736448 9.997E-05 9.997E-05
0.731613 9.997E-05 9.997E-05 9.997E-05 0.268087
9.9973E-05 9.9973E-05 0.554014 0.445686 9.9973E-05
9.99731E-05 9.99731E-05 0.118792 0.880908 9.99731E-05
0.0268117 0.0574537 0.753649 9.9991E-05 0.161985
9.998E-05 0.0133066 0.539461 0.447032 9.998E-05
