0.289979 9.9991E-05 0.709921
0.0455413 9.9991E-05 0.954359
0.56138 9.9991E-05 0.43852
0.173364 0.049737 0.776899
0.836864 0.163036 9.9991E-05
9.999E-05 0.503588 0.496312
0.800202 0.199698 9.9991E-05
0.138806 9.9991E-05 0.861094
9.9991E-05 0.910035 0.0898647
0.925898 0.0740017 9.9991E-05
0.9998 9.999E-05 9.999E-05
9.999E-05 9.999E-05 0.9998
0.616829 0.383071 9.9991E-05
0.855996 9.9991E-05 0.143904
0.626661 0.373239 9.9991E-05
0.188787 0.811113 9.9991E-05
0.0103239 9.9991E-05 0.989576
0.384101 0.615799 9.9991E-05
9.9991E-05 0.393687 0.606213
0.0166169 0.983283 9.9991E-05
0.0854864 0.914414 9.9991E-05
9.9991E-05 0.675193 0.324707
0.226491 0.773409 9.9991E-05
0.266011 0.185632 0.548357
0.801222 9.9991E-05 0.198678
0.506723 0.493177 9.9991E-05
0.242264 9.9991E-05 0.757636
0.225317 0.533583 0.2411
9.999E-05 9.999E-05 0.9998
9.9991E-05 0.232922 0.766978
0.996 9.9991E-05 0.00389951
0.9998 9.999E-05 9.999E-05
0.9998 9.999E-05 9.999E-05
9.9991E-05 0.561394 0.438506
0.0359493 9.9991E-05 0.963951
0.0224569 0.977443 9.9991E-05
9.9991E-05 0.627364 0.372536
9.9991E-05 0.562496 0.437404
0.764713 0.0568513 0.178436
9.9991E-05 0.497382 0.502518
9.9991E-05 0.183284 0.816616
9.999E-05 9.999E-05 0.9998
0.0911554 0.908745 9.9991E-05
0.904822 9.9991E-05 0.0950781
0.542834 0.457066 9.9991E-05
0.00715629 9.9991E-05 0.992744
9.999E-05 0.9998 9.999E-05
9.9991E-05 0.784558 0.215342
0.372195 0.627705 9.9991E-05
0.0624801 0.93742 9.9991E-05
