0.702395 0.0278075 0.269797
0.9998 9.999E-05 9.999E-05
0.504275 9.9991E-05 0.495625
0.849679 0.0048185 0.145502
9.9991E-05 0.207119 0.792781
0.466528 0.533372 9.9991E-05
0.0145202 0.108068 0.877412
0.920947 9.9991E-05 0.0789533
0.0560014 0.943899 9.9991E-05
9.9991E-05 0.0616407 0.938259
9.999E-05 9.999E-05 0.9998
0.983608 0.0162922 9.9991E-05
9.9991E-05 0.422181 0.577719
0.156591 9.9991E-05 0.843309
9.9991E-05 0.403256 0.596644
9.9991E-05 0.825074 0.174826
0.969497 9.9991E-05 0.0304027
0.00132737 0.678939 0.319734
0.580756 0.419144 9.9991E-05
9.9991E-05 0.957652 0.0422477
9.9991E-05 0.947861 0.0520385
0.281038 0.718862 9.9991E-05
9.9991E-05 0.774039 0.225861
0.524732 0.2016 0.273668
0.179622 0.0430424 0.777336
9.9991E-05 0.461889 0.538011
0.710894 9.9991E-05 0.289006
0.254942 0.525064 0.219994
0.9998 9.999E-05 9.999E-05
0.698896 0.301004 9.9991E-05
0.0503459 9.9991E-05 0.949554
9.999E-05 9.999E-05 0.9998
9.999E-05 9.999E-05 0.9998
0.407509 0.592391 9.9991E-05
0.944138 9.9991E-05 0.0557622
9.9991E-05 0.94727 0.0526303
0.298548 0.701352 9.9991E-05
0.505046 0.494854 9.9991E-05
0.178512 0.128484 0.693004
0.515001 0.484899 9.9991E-05
0.731831 0.268069 9.9991E-05
0.9998 9.999E-05 9.999E-05
9.9991E-05 0.944371 0.055529
0.158925 9.9991E-05 0.840975
9.9991E-05 0.439841 0.560059
0.9998 9.999E-05 9.999E-05
9.999E-05 0.9998 9.999E-05
0.170617 0.829283 9.9991E-05
9.9991E-05 0.528261 0.471639
0.0179836 0.921449 0.0605677
