0.00531956 0.25213 0.74255
9.999E-05 0.0377585 0.962141
9.999E-05 0.535088 0.464812
9.999E-05 0.132605 0.867295
0.184585 0.815315 9.9991E-05
0.443196 9.9991E-05 0.556704
0.108093 0.891807 9.9991E-05
9.999E-05 0.0510809 0.948819
0.880777 9.9991E-05 0.119123
0.0947436 0.905156 9.9991E-05
9.999E-05 0.9998 9.999E-05
9.9991E-05 0.00988671 0.990013
0.459078 0.540822 9.9991E-05
9.9991E-05 0.824648 0.175252
0.399308 0.600592 9.9991E-05
0.860269 0.139631 9.9991E-05
9.9991E-05 0.0429127 0.956987
0.652195 0.344412 0.00339323
0.391403 9.9991E-05 0.608497
0.95617 0.0437305 9.9991E-05
0.966521 0.0333791 9.9991E-05
0.761566 9.9991E-05 0.238334
0.792636 0.207264 9.9991E-05
0.131741 0.321187 0.547072
9.9991E-05 0.839123 0.160777
0.536809 0.463091 9.9991E-05
9.9991E-05 0.289701 0.710199
0.552357 0.181927 0.265717
9.99911E-05 0.0161685 0.983732
0.289366 9.9991E-05 0.710534
9.9991E-05 0.96937 0.0305298
9.999E-05 0.9998 9.999E-05
9.999E-05 0.9998 9.999E-05
0.540096 9.9991E-05 0.459804
9.9991E-05 0.0396277 0.960272
0.9998 9.999E-05 9.999E-05
0.663141 9.9991E-05 0.336759
0.570407 9.9991E-05 0.429493
0.112271 0.739876 0.147853
0.444388 9.9991E-05 0.555512
0.167984 9.9991E-05 0.831916
9.999E-05 9.999E-05 0.9998
0.984491 0.0154091 9.9991E-05
9.9991E-05 0.789583 0.210317
0.47575 0.52415 9.9991E-05
9.999E-05 9.999E-05 0.9998
0.9998 9.999E-05 9.999E-05
0.84014 9.9991E-05 0.15976
0.51134 0.48856 9.9991E-05
0.911902 0.0526491 0.0354493
