0.691179 0.308721 9.9991E-05
0.940365 0.0447418 0.014893
0.419819 0.580081 9.9991E-05
0.839862 0.160038 9.9991E-05
9.9991E-05 0.807101 0.192799
0.592958 9.9991E-05 0.406942
0.0349968 0.848726 0.116277
0.882957 0.116943 9.9991E-05
0.158574 9.9991E-05 0.841326
9.9991E-05 0.878741 0.121159
9.9991E-05 0.923075 0.0768255
0.9998 9.999E-05 9.999E-05
9.9991E-05 0.582802 0.417098
0.182302 0.817598 9.9991E-05
9.9991E-05 0.645232 0.354668
9.9991E-05 0.100714 0.899186
0.859343 0.140557 9.9991E-05
0.0234948 0.340346 0.636159
0.676834 9.9991E-05 0.323066
9.999E-05 9.999E-05 0.9998
9.9991E-05 0.0534726 0.946427
0.297445 9.9991E-05 0.702455
9.9991E-05 0.192562 0.807338
0.542382 0.314737 0.142881
0.125056 0.874844 9.9991E-05
9.9991E-05 0.483017 0.516883
0.675159 0.324741 9.9991E-05
0.326033 0.247725 0.426242
0.9998 9.999E-05 9.999E-05
0.687894 9.9991E-05 0.312006
9.999E-05 0.9998 9.999E-05
9.999E-05 0.9998 9.999E-05
9.9991E-05 0.985985 0.0139153
0.524763 9.9991E-05 0.475137
0.936017 0.0638834 9.9991E-05
9.9991E-05 0.0540308 0.945869
0.378394 9.9991E-05 0.621506
0.48839 9.9991E-05 0.51151
0.151389 0.751199 0.0974118
0.652427 9.9991E-05 0.347473
0.865478 9.9991E-05 0.134422
0.9998 9.999E-05 9.999E-05
9.9991E-05 0.0441714 0.955729
0.103187 0.896713 9.9991E-05
9.9991E-05 0.546617 0.453283
0.898225 0.101675 9.9991E-05
9.999E-05 9.999E-05 0.9998
0.213957 9.9991E-05 0.785943
9.9991E-05 0.434695 0.565205
0.038927 0.0149801 0.946093
