0.281642 9.9991E-05 0.718258
0.0394567 9.9991E-05 0.960443
0.521634 9.9991E-05 0.478266
0.155445 9.9991E-05 0.844455
0.796329 0.203571 9.9991E-05
9.999E-05 0.403656 0.596244
0.877676 0.0529862 0.0693379
0.111913 9.9991E-05 0.887987
9.9991E-05 0.887701 0.112199
0.883005 0.116895 9.9991E-05
0.9998 9.999E-05 9.999E-05
0.0252201 9.9991E-05 0.97468
0.581872 0.418028 9.9991E-05
0.849167 9.9991E-05 0.150733
0.667037 0.332863 9.9991E-05
0.149973 0.849927 9.9991E-05
0.0322791 9.9991E-05 0.967621
0.371359 0.625077 0.00356391
9.9991E-05 0.311923 0.687977
9.999E-05 0.9998 9.999E-05
9.999E-05 0.9998 9.999E-05
9.9991E-05 0.655979 0.343921
0.228213 0.771687 9.9991E-05
0.290822 0.227611 0.481567
0.796516 9.9991E-05 0.203384
0.544071 0.455829 9.9991E-05
0.316389 9.9991E-05 0.683511
0.203343 0.471327 0.32533
0.114646 9.99911E-05 0.885254
9.9991E-05 0.218953 0.780947
0.968356 9.9991E-05 0.0315436
0.9998 9.999E-05 9.999E-05
0.9998 9.999E-05 9.999E-05
9.9991E-05 0.534846 0.465054
0.128854 9.9991E-05 0.871046
0.0349086 0.964991 9.9991E-05
9.9991E-05 0.599213 0.400687
9.9991E-05 0.524264 0.475636
0.750339 0.0907074 0.158954
9.9991E-05 0.414158 0.585742
9.9991E-05 0.159053 0.840847
9.999E-05 9.999E-05 0.9998
0.0155323 0.984368 9.99911E-05
0.852738 9.9991E-05 0.147162
0.501446 0.498454 9.9991E-05
0.0251719 9.9991E-05 0.974728
9.999E-05 0.9998 9.999E-05
9.9991E-05 0.652714 0.347186
0.454957 0.544943 9.9991E-05
0.0822157 0.917684 9.9991E-05
