0.0372267 0.306832 0.655941
9.999E-05 0.00429552 0.995604
9.999E-05 0.558257 0.441643
9.999E-05 0.214366 0.785534
0.184656 0.815244 9.9991E-05
0.540721 9.9991E-05 0.459179
0.110357 0.866326 0.0233175
9.999E-05 0.122018 0.877882
0.94903 9.9991E-05 0.05087
0.127165 0.872735 9.9991E-05
9.999E-05 0.9998 9.999E-05
9.999E-05 9.999E-05 0.9998
0.373392 0.626508 9.9991E-05
9.9991E-05 0.862009 0.137891
0.361443 0.638457 9.9991E-05
0.880619 0.119281 9.9991E-05
9.999E-05 9.999E-05 0.9998
0.630246 0.369654 9.9991E-05
0.36583 9.9991E-05 0.63407
0.977075 0.022825 9.9991E-05
0.932525 0.0673754 9.9991E-05
0.764628 9.9991E-05 0.235272
0.752648 0.247252 9.9991E-05
0.228459 0.300963 0.470578
9.9991E-05 0.827731 0.172169
0.491345 0.508555 9.9991E-05
9.9991E-05 0.262237 0.737663
0.471939 0.200213 0.327847
0.00485875 0.0237154 0.971426
0.332068 9.9991E-05 0.667832
9.9991E-05 0.910667 0.0892329
9.999E-05 0.9998 9.999E-05
9.999E-05 0.9998 9.999E-05
0.572421 9.9991E-05 0.427479
9.9991E-05 0.0321345 0.967766
0.9998 9.999E-05 9.999E-05
0.717807 9.9991E-05 0.282093
0.541705 9.9991E-05 0.458195
0.10275 0.737112 0.160139
0.43869 9.9991E-05 0.56121
0.212108 9.9991E-05 0.787792
9.999E-05 9.999E-05 0.9998
0.938381 0.0615194 9.9991E-05
9.9991E-05 0.850357 0.149543
0.45495 0.54495 9.9991E-05
9.9991E-05 0.0551882 0.944712
0.9998 9.999E-05 9.999E-05
0.719985 9.9991E-05 0.279915
0.568552 0.431348 9.9991E-05
0.930067 0.0609805 0.00895205
