0.663876 0.336024 9.9991E-05
0.959181 0.0407194 9.9991E-05
0.425932 0.573968 9.9991E-05
0.860694 0.139206 9.9991E-05
9.9991E-05 0.727949 0.271951
0.622107 9.9991E-05 0.377793
0.0294681 0.81839 0.152142
0.865339 0.134561 9.9991E-05
0.18772 9.9991E-05 0.81218
9.9991E-05 0.798601 0.201299
9.99911E-05 0.945275 0.0546248
0.9998 9.999E-05 9.999E-05
9.9991E-05 0.52221 0.47769
0.176003 0.823897 9.9991E-05
9.9991E-05 0.486499 0.513401
9.9991E-05 0.10577 0.89413
0.938602 0.0612975 9.9991E-05
0.0217875 0.32066 0.657553
0.781971 9.9991E-05 0.217929
9.999E-05 9.999E-05 0.9998
9.9991E-05 0.0309981 0.968902
0.284274 9.9991E-05 0.715626
9.9991E-05 0.181335 0.818565
0.59561 0.242028 0.162361
0.165633 0.834267 9.9991E-05
9.9991E-05 0.398257 0.601643
0.640636 0.359264 9.9991E-05
0.322312 0.190413 0.487275
0.961886 0.038014 9.99911E-05
0.766855 9.9991E-05 0.233045
9.999E-05 0.9998 9.999E-05
9.999E-05 0.9998 9.999E-05
9.9991E-05 0.98705 0.0128498
0.591838 9.9991E-05 0.408062
0.934929 0.0649711 9.9991E-05
0.0590369 9.9991E-05 0.940863
0.478516 9.9991E-05 0.521384
0.545663 9.9991E-05 0.454237
0.118579 0.748152 0.13327
0.5633 9.9991E-05 0.4366
0.942533 9.9991E-05 0.0573671
0.9998 9.999E-05 9.999E-05
9.999E-05 9.999E-05 0.9998
0.103012 0.896888 9.9991E-05
9.9991E-05 0.503864 0.496036
0.963706 0.0361943 9.9991E-05
9.999E-05 9.999E-05 0.9998
0.335333 9.9991E-05 0.664568
9.9991E-05 0.34821 0.65169
0.00962858 9.9991E-05 0.990271
