0.239797 0.0334087 0.726794
9.999E-05 9.999E-05 0.9998
0.511415 9.9991E-05 0.488485
0.132183 0.0756743 0.792142
0.883624 0.116276 9.9991E-05
9.999E-05 0.526879 0.473021
0.849518 0.116013 0.0344681
0.0826825 9.9991E-05 0.917218
9.9991E-05 0.978851 0.0210489
0.967893 0.0320071 9.9991E-05
0.9998 9.999E-05 9.999E-05
9.999E-05 9.999E-05 0.9998
0.630147 0.369753 9.9991E-05
0.804018 9.9991E-05 0.195882
0.709787 0.290113 9.9991E-05
0.197837 0.802063 9.9991E-05
0.0420604 9.9991E-05 0.95784
0.331702 0.662671 0.0056273
9.9991E-05 0.469299 0.530601
0.103122 0.896778 9.9991E-05
0.11756 0.88234 9.9991E-05
9.9991E-05 0.809192 0.190708
0.274936 0.724964 9.9991E-05
0.283048 0.203767 0.513185
0.77323 9.9991E-05 0.22667
0.569184 0.430716 9.9991E-05
0.268846 9.9991E-05 0.731054
0.222866 0.543244 0.23389
9.999E-05 9.999E-05 0.9998
9.9991E-05 0.376004 0.623896
0.878816 9.9991E-05 0.121084
0.9998 9.999E-05 9.999E-05
0.9998 9.999E-05 9.999E-05
9.9991E-05 0.683488 0.316412
0.0916027 9.9991E-05 0.908297
0.108295 0.891605 9.9991E-05
9.9991E-05 0.767997 0.231903
9.9991E-05 0.646488 0.353412
0.721763 0.10089 0.177348
9.9991E-05 0.44667 0.55323
9.9991E-05 0.265554 0.734346
9.999E-05 9.999E-05 0.9998
0.0989798 0.90092 9.9991E-05
0.838706 9.9991E-05 0.161194
0.573248 0.426652 9.9991E-05
0.0124452 9.9991E-05 0.987455
9.999E-05 0.9998 9.999E-05
9.9991E-05 0.868903 0.130997
0.430401 0.562335 0.00726405
0.0989883 0.900912 9.9991E-05
