0.709788 0.290112 9.9991E-05
0.960597 0.0393029 9.9991E-05
0.468284 0.531616 9.9991E-05
0.861682 0.137041 0.00127732
9.9991E-05 0.876723 0.123177
0.515519 9.9991E-05 0.484381
0.0546935 0.854909 0.0903974
0.889131 0.110769 9.9991E-05
0.113305 9.9991E-05 0.886595
9.9991E-05 0.980757 0.0191427
9.999E-05 0.9998 9.999E-05
0.9998 9.999E-05 9.999E-05
0.0578667 0.611704 0.33043
0.225008 0.774892 9.9991E-05
9.9991E-05 0.681883 0.318017
9.9991E-05 0.127941 0.871959
0.962297 0.0376031 9.9991E-05
0.00246118 0.370368 0.62717
0.632593 9.9991E-05 0.367307
9.9991E-05 0.0148978 0.985002
0.0362083 0.090563 0.873229
0.256746 9.9991E-05 0.743154
9.9991E-05 0.195136 0.804764
0.604395 0.247124 0.148481
0.223943 0.775957 9.9991E-05
9.9991E-05 0.479557 0.520343
0.751117 0.248783 9.9991E-05
0.329166 0.158767 0.512066
0.979084 0.020816 9.99911E-05
0.640872 9.9991E-05 0.359028
0.0278538 0.972046 9.9991E-05
9.999E-05 0.9998 9.999E-05
9.999E-05 0.9998 9.999E-05
0.483625 9.9991E-05 0.516275
0.927654 0.0722464 9.9991E-05
9.9991E-05 0.0493098 0.95059
0.297678 9.9991E-05 0.702222
0.513835 9.9991E-05 0.486065
0.169793 0.751157 0.0790504
0.511844 9.9991E-05 0.488056
0.856191 9.9991E-05 0.143709
0.9998 9.999E-05 9.999E-05
9.9991E-05 0.056627 0.943273
0.18965 0.81025 9.9991E-05
9.9991E-05 0.578635 0.421265
0.991397 0.00850275 9.9991E-05
9.999E-05 9.999E-05 0.9998
0.225886 9.9991E-05 0.774014
9.9991E-05 0.448624 0.551276
0.0389027 0.125688 0.83541
