0.6839 0.302997 0.0131033
0.978229 0.0216706 9.9991E-05
0.461216 0.538684 9.9991E-05
0.840397 0.159503 9.9991E-05
9.9991E-05 0.815002 0.184898
0.524616 9.9991E-05 0.475284
0.054174 0.843919 0.101907
0.941168 0.0587325 9.9991E-05
0.12567 9.9991E-05 0.87423
9.9991E-05 0.872191 0.127709
9.999E-05 0.9998 9.999E-05
0.9998 9.999E-05 9.999E-05
9.9991E-05 0.640843 0.359057
0.162246 0.837654 9.9991E-05
9.9991E-05 0.622911 0.376989
9.9991E-05 0.162687 0.837213
0.956971 0.0429294 9.9991E-05
9.9991E-05 0.366406 0.633494
0.614392 9.9991E-05 0.385508
9.9991E-05 0.0179949 0.981905
0.0486208 0.0131093 0.93827
0.291856 9.9991E-05 0.708044
9.9991E-05 0.201067 0.798833
0.533886 0.294301 0.171813
0.21301 0.78689 9.9991E-05
9.9991E-05 0.516897 0.483003
0.736034 0.263866 9.9991E-05
0.304925 0.237172 0.457903
0.992509 0.00739097 9.99911E-05
0.719417 9.9991E-05 0.280483
9.999E-05 0.9998 9.999E-05
9.999E-05 0.9998 9.999E-05
9.999E-05 0.9998 9.999E-05
0.506681 9.9991E-05 0.493219
0.933106 0.066794 9.9991E-05
9.9991E-05 0.0144269 0.985473
0.396937 9.9991E-05 0.602963
0.470715 9.9991E-05 0.529185
0.14303 0.75765 0.0993202
0.521437 9.9991E-05 0.478463
0.812797 9.9991E-05 0.187103
0.9998 9.999E-05 9.999E-05
9.9991E-05 0.0191558 0.980744
0.115453 0.884447 9.9991E-05
9.9991E-05 0.480015 0.519885
0.9998 9.999E-05 9.999E-05
9.999E-05 9.999E-05 0.9998
0.209987 9.9991E-05 0.789913
9.9991E-05 0.378509 0.621391
0.0479549 0.0173615 0.934684
