0.725759 9.9991E-05 0.274141
0.9998 9.999E-05 9.999E-05
0.491261 9.9991E-05 0.508639
0.813667 0.037367 0.148966
9.9991E-05 0.122111 0.877789
0.491051 0.508849 9.9991E-05
0.0650832 0.0919115 0.843005
0.963674 9.9991E-05 0.0362263
0.0249401 0.97496 9.9991E-05
9.9991E-05 0.0312525 0.968648
9.999E-05 9.999E-05 0.9998
0.9998 9.999E-05 9.999E-05
9.9991E-05 0.381638 0.618262
0.196731 9.9991E-05 0.803169
9.9991E-05 0.287441 0.712459
9.9991E-05 0.775659 0.224241
0.97214 9.9991E-05 0.02776
9.9991E-05 0.548963 0.450937
0.458476 0.541424 9.9991E-05
9.9991E-05 0.850091 0.149809
9.9991E-05 0.88735 0.11255
0.171003 0.821667 0.00732962
9.9991E-05 0.711874 0.288026
0.505305 0.207565 0.28713
0.22237 9.9991E-05 0.77753
9.9991E-05 0.358094 0.641806
0.710429 9.9991E-05 0.289471
0.24927 0.503527 0.247204
0.954836 9.99911E-05 0.0450637
0.669024 0.330876 9.9991E-05
0.0480862 9.9991E-05 0.951814
9.999E-05 9.999E-05 0.9998
9.999E-05 9.999E-05 0.9998
0.327352 0.672548 9.9991E-05
0.967542 9.9991E-05 0.0323581
9.9991E-05 0.878301 0.121599
0.261476 0.738424 9.9991E-05
0.386896 0.613004 9.9991E-05
0.202497 0.0415703 0.755932
0.44541 0.55449 9.9991E-05
0.67477 0.32513 9.9991E-05
0.9998 9.999E-05 9.999E-05
9.9991E-05 0.894151 0.105749
0.171519 9.9991E-05 0.828381
9.9991E-05 0.396693 0.603207
0.9998 9.999E-05 9.999E-05
9.999E-05 0.9998 9.999E-05
0.134411 0.865489 9.9991E-05
9.9991E-05 0.524336 0.475564
0.0673758 0.814679 0.117945
