0.0731199 0.651965 0.274916
9.999E-05 0.9998 9.999E-05
9.999E-05 0.474941 0.524959
9.999E-05 0.802328 0.197572
0.273466 9.9991E-05 0.726434
0.48595 0.51395 9.9991E-05
0.121635 0.0358569 0.842509
9.999E-05 0.925577 0.0743227
0.847421 0.152479 9.9991E-05
0.0790208 9.9991E-05 0.920879
9.999E-05 9.999E-05 0.9998
9.999E-05 0.9998 9.999E-05
0.357002 9.9991E-05 0.642898
9.9991E-05 0.151011 0.848889
0.416041 9.9991E-05 0.583859
0.789415 9.9991E-05 0.210485
9.999E-05 0.9998 9.999E-05
0.599962 9.9991E-05 0.399938
0.409706 0.590194 9.9991E-05
0.969592 9.9991E-05 0.030308
0.91785 0.0011133 0.0810363
0.720687 0.279213 9.9991E-05
0.747649 9.9991E-05 0.252251
0.185169 0.573973 0.240858
9.9991E-05 0.216717 0.783183
0.524724 9.9991E-05 0.475176
9.9991E-05 0.783234 0.216666
0.54264 0.241106 0.216254
9.99911E-05 0.996904 0.00299587
0.310769 0.689131 9.9991E-05
9.999E-05 9.999E-05 0.9998
9.999E-05 9.999E-05 0.9998
9.999E-05 9.999E-05 0.9998
0.55182 0.44808 9.9991E-05
9.9991E-05 0.91041 0.0894902
0.962581 9.9991E-05 0.0373185
0.696754 0.303146 9.9991E-05
0.54415 0.45575 9.9991E-05
0.140853 0.136487 0.722659
0.45692 0.54298 9.9991E-05
0.253863 0.746037 9.9991E-05
9.999E-05 0.9998 9.999E-05
0.952636 9.9991E-05 0.0472643
9.9991E-05 0.162512 0.837388
0.473744 9.9991E-05 0.526156
9.9991E-05 0.995692 0.00420836
0.9998 9.999E-05 9.999E-05
0.747735 0.252165 9.9991E-05
0.536544 0.0139656 0.44949
0.885714 0.0860087 0.0282774
