0.685518 0.278001 0.0364804
0.91825 0.0178221 0.0639282
0.480961 0.518939 9.9991E-05
0.854921 0.144979 9.9991E-05
9.9991E-05 0.803503 0.196397
0.539411 9.9991E-05 0.460489
0.0173852 0.850073 0.132542
0.958554 0.0413459 9.9991E-05
0.0930012 9.9991E-05 0.906899
9.9991E-05 0.934085 0.0658146
9.99911E-05 0.986914 0.0129856
0.9998 9.999E-05 9.999E-05
9.9991E-05 0.634779 0.365121
0.155309 0.844591 9.9991E-05
9.9991E-05 0.638899 0.361001
9.9991E-05 0.166857 0.833043
0.952295 0.0476054 9.9991E-05
9.9991E-05 0.381702 0.618198
0.60958 9.9991E-05 0.39032
9.9991E-05 0.0353133 0.964587
9.9991E-05 0.0863067 0.913593
0.280014 9.9991E-05 0.719886
9.9991E-05 0.254078 0.745822
0.550255 0.302291 0.147454
0.240647 0.759253 9.9991E-05
9.9991E-05 0.523467 0.476433
0.704975 0.294925 9.9991E-05
0.350201 0.168035 0.481764
0.96678 0.0331197 9.99911E-05
0.60743 9.9991E-05 0.39247
0.00908863 0.990811 9.9991E-05
9.999E-05 0.9998 9.999E-05
9.999E-05 0.9998 9.999E-05
0.467548 9.9991E-05 0.532352
0.938782 0.0611179 9.9991E-05
9.9991E-05 0.0386619 0.961238
0.316164 9.9991E-05 0.683736
0.493637 9.9991E-05 0.506263
0.259248 0.681946 0.0588057
0.595949 9.9991E-05 0.403951
0.798004 9.9991E-05 0.201896
0.9998 9.999E-05 9.999E-05
9.9991E-05 0.0211124 0.978788
0.155469 0.844431 9.9991E-05
9.9991E-05 0.571288 0.428612
0.964723 0.0351767 9.9991E-05
9.999E-05 9.999E-05 0.9998
0.26886 9.9991E-05 0.73104
9.9991E-05 0.460999 0.538901
0.0170806 0.0667798 0.91614
