0.231756 0.0161531 0.752091
9.999E-05 9.999E-05 0.9998
0.501891 9.9991E-05 0.498009
0.125386 0.0854874 0.789126
0.839227 0.160673 9.9991E-05
9.999E-05 0.493071 0.506829
0.883331 0.0871645 0.0295048
0.0814747 9.9991E-05 0.918425
9.9991E-05 0.979287 0.0206126
0.961246 0.0386538 9.9991E-05
0.9998 9.999E-05 9.999E-05
9.999E-05 9.999E-05 0.9998
0.632875 0.367025 9.9991E-05
0.842054 9.9991E-05 0.157846
0.688906 0.310994 9.9991E-05
0.186984 0.812916 9.9991E-05
0.0390525 9.9991E-05 0.960848
0.419621 0.580279 9.9991E-05
9.9991E-05 0.437079 0.562821
0.088098 0.911802 9.9991E-05
0.0580037 0.941896 9.9991E-05
9.9991E-05 0.726447 0.273453
0.236299 0.763601 9.9991E-05
0.257669 0.23201 0.510321
0.758269 9.9991E-05 0.241631
0.583563 0.416337 9.9991E-05
0.238608 9.9991E-05 0.761292
0.219527 0.472713 0.30776
9.999E-05 9.999E-05 0.9998
9.9991E-05 0.320315 0.679585
0.951148 9.9991E-05 0.0487522
0.99976 9.9991E-05 0.000140062
0.9998 9.999E-05 9.999E-05
9.9991E-05 0.550751 0.449149
0.0514341 9.9991E-05 0.948466
0.0695491 0.930351 9.9991E-05
9.9991E-05 0.709294 0.290606
9.9991E-05 0.600532 0.399368
0.758129 0.0864052 0.155465
9.9991E-05 0.488644 0.511256
9.9991E-05 0.290621 0.709279
9.999E-05 9.999E-05 0.9998
0.067459 0.932441 9.9991E-05
0.851519 9.9991E-05 0.148381
0.609893 0.390007 9.9991E-05
0.00765699 9.9991E-05 0.992243
9.999E-05 0.9998 9.999E-05
9.9991E-05 0.749927 0.249973
0.495927 0.503973 9.9991E-05
0.12463 0.87527 9.9991E-05
