0.659905 9.9991E-05 0.339995
0.937897 0.0412225 0.0208801
0.483785 9.9991E-05 0.516115
0.808559 9.9991E-05 0.191341
9.9991E-05 0.23127 0.76863
0.615911 0.383989 9.9991E-05
9.999E-05 0.0667273 0.933173
0.879403 9.9991E-05 0.120497
0.212773 0.787127 9.9991E-05
9.9991E-05 0.115938 0.883962
9.999E-05 9.999E-05 0.9998
0.9998 9.999E-05 9.999E-05
9.9991E-05 0.387271 0.612629
0.174215 9.9991E-05 0.825685
9.9991E-05 0.388936 0.610964
9.9991E-05 0.922769 0.0771312
0.969372 9.9991E-05 0.030528
0.0176084 0.624255 0.358137
0.740226 0.259674 9.9991E-05
9.999E-05 0.9998 9.999E-05
9.9991E-05 0.945884 0.054016
0.267122 0.732778 9.9991E-05
9.9991E-05 0.851514 0.148386
0.541432 0.109314 0.349255
0.234898 9.9991E-05 0.765002
9.9991E-05 0.581139 0.418761
0.75789 9.9991E-05 0.24201
0.331648 0.420185 0.248167
0.926058 9.99911E-05 0.073842
0.709766 0.290134 9.9991E-05
0.0114678 9.9991E-05 0.988432
9.999E-05 9.999E-05 0.9998
9.999E-05 9.999E-05 0.9998
0.54417 0.45573 9.9991E-05
0.912733 9.9991E-05 0.0871668
9.999E-05 0.9998 9.999E-05
0.421165 0.578735 9.9991E-05
0.605583 0.394317 9.9991E-05
0.180194 0.0515049 0.768301
0.569877 0.430023 9.9991E-05
0.969253 0.0306475 9.9991E-05
0.9998 9.999E-05 9.999E-05
9.9991E-05 0.991529 0.00837113
0.13674 9.9991E-05 0.86316
9.9991E-05 0.494275 0.505625
0.992582 9.9991E-05 0.0073183
9.999E-05 0.9998 9.999E-05
0.35883 0.64107 9.9991E-05
9.9991E-05 0.586503 0.413397
0.108244 0.867188 0.0245674
