0.695876 0.283281 0.0208433
0.956676 0.043224 9.9991E-05
0.478513 0.521387 9.9991E-05
0.80231 0.16618 0.0315102
9.9991E-05 0.829517 0.170383
0.488894 9.9991E-05 0.511006
0.0721903 0.821816 0.105994
0.916691 0.0832095 9.9991E-05
0.0801506 9.9991E-05 0.919749
9.9991E-05 0.963711 0.0361889
9.999E-05 0.9998 9.999E-05
0.9998 9.999E-05 9.999E-05
9.9991E-05 0.667004 0.332896
0.137069 0.862831 9.9991E-05
9.9991E-05 0.695931 0.303969
9.9991E-05 0.109453 0.890447
0.9998 9.999E-05 9.999E-05
9.9991E-05 0.404942 0.594958
0.603217 9.9991E-05 0.396683
9.9991E-05 0.0406914 0.959209
0.0104788 0.160629 0.828892
0.273453 9.9991E-05 0.726447
9.9991E-05 0.264766 0.735134
0.526793 0.300883 0.172323
0.236146 0.763754 9.9991E-05
9.9991E-05 0.572122 0.427778
0.712587 0.287313 9.9991E-05
0.262531 0.252173 0.485296
0.937312 0.0625876 9.99911E-05
0.671203 9.9991E-05 0.328697
0.0301466 0.969753 9.9991E-05
9.999E-05 0.9998 9.999E-05
9.999E-05 0.9998 9.999E-05
0.438512 9.9991E-05 0.561388
0.944347 0.0555526 9.9991E-05
9.9991E-05 0.0564271 0.943473
0.334479 9.9991E-05 0.665421
0.442077 9.9991E-05 0.557823
0.142294 0.738253 0.119453
0.585004 9.9991E-05 0.414896
0.826426 9.9991E-05 0.173474
0.9998 9.999E-05 9.999E-05
9.9991E-05 0.0688672 0.931033
0.133241 0.866659 9.9991E-05
9.9991E-05 0.546758 0.453142
0.960055 0.0398453 9.9991E-05
9.999E-05 9.999E-05 0.9998
0.330876 9.9991E-05 0.669024
9.9991E-05 0.373392 0.626508
0.0157553 0.0591835 0.925061
