0.709407 0.188171 0.102322 9.9991E-05
0.94927 9.9982E-05 0.0505305 9.9982E-05
0.50832 0.49148 9.9982E-05 9.9982E-05
0.593059 0.160163 9.9991E-05 0.246678
9.9982E-05 0.533248 0.466552 9.9982E-05
0.000686379 0.048214 9.9991E-05 0.951
9.999E-05 0.789015 0.114474 0.0964108
0.969309 0.0304906 9.99821E-05 9.99821E-05
9.9982E-05 9.9982E-05 0.27656 0.72324
9.998E-05 0.708071 0.291729 9.998E-05
9.99821E-05 0.905168 0.0946323 9.99821E-05
0.947989 9.9982E-05 9.9982E-05 0.0518113
0.00281175 0.472882 0.482668 0.041638
0.0719041 0.893298 9.9991E-05 0.034698
9.9982E-05 0.341089 0.658711 9.9982E-05
0.0585367 0.00141696 0.820105 0.119941
0.863582 0.0545549 9.999E-05 0.0817636
9.999E-05 0.221781 0.522123 0.255995
0.036144 9.9982E-05 9.9982E-05 0.963656
9.9982E-05 9.9982E-05 0.927514 0.0722857
0.0527626 9.999E-05 0.779359 0.167778
0.0970096 9.999E-05 0.37125 0.53164
9.999E-05 0.0668937 0.802839 0.130167
0.4773 0.210261 0.207139 0.1053
0.0379783 0.859465 9.9991E-05 0.102457
9.9982E-05 0.166669 0.833131 9.9982E-05
0.602521 0.318087 9.9991E-05 0.0792916
9.9991E-05 0.216765 0.172754 0.610381
0.98398 9.99821E-05 0.0158199 9.99821E-05
0.280531 9.998E-05 9.998E-05 0.719269
9.998E-05 0.9997 9.998E-05 9.998E-05
9.998E-05 0.9997 9.998E-05 9.998E-05
9.9982E-05 0.883865 0.115935 9.9982E-05
9.9982E-05 0.00519876 9.9982E-05 0.994601
0.674233 0.0974741 9.9991E-05 0.228193
9.9982E-05 9.9982E-05 0.769659 0.230141
9.9982E-05 9.9982E-05 0.158222 0.841578
9.9982E-05 0.0609263 9.9982E-05 0.938874
0.0686773 0.730107 0.100211 0.101004
0.197022 9.99821E-05 9.99821E-05 0.802778
0.181843 9.9982E-05 9.9982E-05 0.817957
0.933257 9.9982E-05 9.9982E-05 0.0665427
9.9982E-05 9.9982E-05 0.995951 0.00384935
0.0672047 0.922354 9.9991E-05 0.0103418
9.9982E-05 0.217402 0.782398 9.9982E-05
0.9997 9.998E-05 9.998E-05 9.998E-05
9.998E-05 9.998E-05 0.610792 0.389008
9.998E-05 9.998E-05 0.144712 0.855088
0.098927 0.156031 0.744942 9.9991E-05
9.998E-05 9.998E-05 0.593046 0.406754
