0.199172 0.0904159 9.9991E-05 0.710312
9.999E-05 0.0238828 0.0219534 0.954064
0.51022 9.9982E-05 9.9982E-05 0.48958
0.156254 9.9991E-05 0.124994 0.718652
0.649547 0.350253 9.9982E-05 9.9982E-05
0.0466136 9.9982E-05 0.953186 9.9982E-05
0.840126 0.0669685 0.0928059 9.9991E-05
0.0361996 0.00745059 9.9991E-05 0.95625
9.9982E-05 0.217314 0.782486 9.9982E-05
0.726026 0.273774 9.9982E-05 9.9982E-05
0.996712 0.00308837 9.99821E-05 9.99821E-05
9.9982E-05 9.9982E-05 0.0384726 0.961327
0.463752 0.488107 9.9991E-05 0.0480416
0.837339 9.99821E-05 9.99821E-05 0.162461
0.456354 0.543446 9.9982E-05 9.9982E-05
0.0457479 0.839978 0.112906 0.00136797
9.9982E-05 9.9982E-05 0.0344363 0.965364
0.265551 0.426751 0.307598 9.9991E-05
9.9982E-05 9.9982E-05 0.895639 0.104161
9.9982E-05 0.947807 0.0519933 9.9982E-05
9.9991E-05 0.725332 0.238013 0.0365549
9.9991E-05 0.413452 0.458099 0.12835
9.9982E-05 0.956639 9.9982E-05 0.0431608
0.288229 0.117605 0.168071 0.426094
0.831536 9.9991E-05 0.0576723 0.110692
0.287645 0.712155 9.9982E-05 9.9982E-05
0.298688 9.99821E-05 9.99821E-05 0.701112
0.29097 0.138236 0.536737 0.0340573
9.99821E-05 0.0349281 9.99821E-05 0.964872
9.99821E-05 9.99821E-05 0.583476 0.416324
0.9997 9.998E-05 9.998E-05 9.998E-05
0.9997 9.998E-05 9.998E-05 9.998E-05
0.956821 0.0429789 9.9982E-05 9.9982E-05
0.0588519 9.9982E-05 0.940948 9.9982E-05
0.0212854 9.9991E-05 0.0502812 0.928333
9.9982E-05 0.821496 0.178304 9.9982E-05
9.9991E-05 0.110486 0.831553 0.0578609
0.0500171 9.9982E-05 0.949783 9.9982E-05
0.723925 0.0825913 0.179359 0.0141242
9.99821E-05 9.99821E-05 0.871062 0.128738
9.9982E-05 9.9982E-05 0.715377 0.284423
9.9982E-05 9.9982E-05 0.11667 0.88313
9.998E-05 0.9997 9.998E-05 9.998E-05
0.893709 9.9982E-05 9.9982E-05 0.106091
0.290012 0.709788 9.9982E-05 9.9982E-05
9.99821E-05 0.0074094 9.99821E-05 0.992391
9.9982E-05 0.589372 0.410428 9.9982E-05
9.99821E-05 0.108029 0.891771 9.99821E-05
0.156426 0.778439 9.9991E-05 0.0650347
9.9982E-05 0.563963 0.435837 9.9982E-05
