0.678781 0.121264 9.9991E-05 0.199855
0.973979 0.0258209 9.9982E-05 9.9982E-05
0.502731 0.0241797 9.9991E-05 0.47299
0.68659 9.9991E-05 0.111413 0.201897
9.9982E-05 0.486923 9.9982E-05 0.512877
9.9982E-05 9.9982E-05 0.932715 0.0670847
9.999E-05 0.0205604 0.124034 0.855306
0.970146 0.00749788 9.9991E-05 0.0222564
9.9982E-05 0.192705 0.807095 9.9982E-05
9.9982E-05 0.285217 9.9982E-05 0.714583
9.99821E-05 0.157566 9.99821E-05 0.842234
0.921598 9.9982E-05 0.0782023 9.9982E-05
9.999E-05 0.370585 0.135992 0.493323
0.0654473 9.9991E-05 0.0485387 0.885914
9.9982E-05 0.67836 9.9982E-05 0.32144
9.9991E-05 0.747412 0.205488 0.0470003
0.920296 9.9982E-05 0.0795044 9.9982E-05
9.9991E-05 0.427738 0.312011 0.260151
9.998E-05 9.998E-05 0.9997 9.998E-05
9.99821E-05 0.890028 0.109772 9.99821E-05
9.9982E-05 0.708132 0.291668 9.9982E-05
0.0424692 0.235829 0.721602 9.9991E-05
9.9991E-05 0.865102 0.0994206 0.0353771
0.484329 0.17416 0.208826 0.132685
0.0857855 9.9991E-05 0.124441 0.789673
9.9982E-05 0.872595 9.9982E-05 0.127205
0.697289 9.9991E-05 0.0540287 0.248582
9.9991E-05 0.115436 0.593479 0.290985
0.957303 0.0424973 9.99821E-05 9.99821E-05
0.37997 9.9991E-05 0.60452 0.0154102
9.998E-05 9.998E-05 9.998E-05 0.9997
9.998E-05 9.998E-05 9.998E-05 0.9997
9.9982E-05 0.0804686 9.9982E-05 0.919331
0.0129252 9.9982E-05 0.986875 9.9982E-05
0.793989 9.9991E-05 0.114679 0.0912324
9.9982E-05 0.689629 0.310171 9.9982E-05
9.9982E-05 0.109566 0.890234 9.9982E-05
9.9982E-05 9.9982E-05 0.942965 0.0568348
0.0521854 0.0482211 0.166052 0.733541
0.121744 9.99821E-05 0.878056 9.99821E-05
0.25003 9.9982E-05 0.74977 9.9982E-05
0.879224 9.9982E-05 0.120576 9.9982E-05
0.038936 0.960864 9.9982E-05 9.9982E-05
0.106117 9.9982E-05 9.9982E-05 0.893683
9.9982E-05 0.73584 9.9982E-05 0.26396
0.9997 9.998E-05 9.998E-05 9.998E-05
9.9982E-05 0.512402 0.487398 9.9982E-05
9.99821E-05 0.0743 0.9255 9.99821E-05
0.114398 0.816336 9.9991E-05 0.0691662
0.0142636 0.534561 0.451075 9.9991E-05
