0.719392 9.9991E-05 0.0881166 0.192391
0.980893 9.9982E-05 0.0189073 9.9982E-05
0.442314 9.9991E-05 0.006338 0.551248
0.700985 0.203802 9.9991E-05 0.0951131
9.9982E-05 9.9982E-05 0.616695 0.383105
0.0291161 0.865079 9.9991E-05 0.105705
9.999E-05 0.127836 0.0635063 0.808558
0.974496 9.99821E-05 9.99821E-05 0.0253039
9.99821E-05 0.945655 0.0541449 9.99821E-05
9.9982E-05 9.9982E-05 0.453962 0.545838
9.99821E-05 9.99821E-05 0.141406 0.858394
0.952335 0.0474649 9.9982E-05 9.9982E-05
0.0897838 0.0548488 0.603368 0.252
0.135858 0.0084074 0.0136495 0.842085
9.9982E-05 9.9982E-05 0.744786 0.255014
9.9991E-05 0.361398 0.600701 0.0378008
0.918176 0.0448571 9.9991E-05 0.0368665
9.9991E-05 0.416726 0.331859 0.251315
0.0848358 0.914964 9.9982E-05 9.9982E-05
9.9982E-05 0.267311 0.732489 9.9982E-05
9.9982E-05 0.468252 0.531548 9.9982E-05
0.070375 0.697617 0.231908 9.9991E-05
9.9982E-05 0.221868 0.777932 9.9982E-05
0.425603 0.220528 0.118656 0.235214
0.000387176 0.104713 9.9991E-05 0.8948
9.9982E-05 9.9982E-05 0.888357 0.111444
0.743511 9.99821E-05 9.99821E-05 0.256289
0.0968195 0.5399 0.231235 0.132046
0.974981 9.99821E-05 0.0248189 9.99821E-05
0.477374 0.522426 9.99821E-05 9.99821E-05
9.998E-05 9.998E-05 9.998E-05 0.9997
9.998E-05 9.998E-05 9.998E-05 0.9997
9.9982E-05 9.9982E-05 0.204276 0.795525
9.9982E-05 0.929379 9.9982E-05 0.0704213
0.932714 9.9982E-05 9.9982E-05 0.0670862
9.9982E-05 0.453551 0.546249 9.9982E-05
0.0234862 0.96342 0.0129934 9.9991E-05
0.0600875 0.884657 9.9991E-05 0.0551557
9.99821E-05 0.162153 9.99821E-05 0.837647
0.21372 0.756647 0.0295326 9.9991E-05
0.349314 0.650486 9.9982E-05 9.9982E-05
0.973586 0.0262139 9.9982E-05 9.9982E-05
9.9982E-05 0.13945 0.860351 9.9982E-05
0.0287594 9.9982E-05 9.9982E-05 0.971041
9.9982E-05 9.9982E-05 0.950213 0.0495867
0.9997 9.998E-05 9.998E-05 9.998E-05
9.9982E-05 0.592906 0.406894 9.9982E-05
9.99821E-05 0.997841 0.00195921 9.99821E-05
0.127996 0.00252387 0.823123 0.0463578
9.9991E-05 0.583275 0.404274 0.0123501
