0.75694 9.9991E-05 0.111697 0.131263
0.970902 9.9982E-05 0.0288981 9.9982E-05
0.49 9.9982E-05 9.9982E-05 0.5098
0.679543 0.167018 9.9991E-05 0.15334
9.9982E-05 9.9982E-05 0.324798 0.675002
0.0496494 0.913616 9.9991E-05 0.0366343
9.999E-05 0.110409 0.0379609 0.85153
0.988584 9.99821E-05 9.99821E-05 0.0112159
9.9982E-05 0.686065 0.313735 9.9982E-05
9.99821E-05 9.99821E-05 0.187737 0.812063
9.998E-05 9.998E-05 9.998E-05 0.9997
0.853014 0.146786 9.9982E-05 9.9982E-05
0.0747901 0.0165767 0.461247 0.447386
0.119586 0.0551675 9.9991E-05 0.825147
9.9982E-05 9.9982E-05 0.537105 0.462695
9.9991E-05 0.15513 0.794318 0.0504517
0.885036 0.10622 9.9991E-05 0.00864366
9.9991E-05 0.342048 0.354504 0.303348
0.0310577 0.968742 9.9982E-05 9.9982E-05
9.99821E-05 0.0874562 0.912344 9.99821E-05
0.10631 0.101229 0.792361 9.9991E-05
0.096545 0.579503 0.323852 9.9991E-05
9.9991E-05 0.063731 0.883261 0.0529081
0.453353 0.175997 0.125043 0.245607
0.0835282 0.0943991 9.9991E-05 0.821973
9.9982E-05 9.9982E-05 0.78328 0.21652
0.784469 9.99821E-05 9.99821E-05 0.215331
0.035026 0.58145 0.174901 0.208622
0.959394 9.99821E-05 0.0404056 9.99821E-05
0.294348 0.705452 9.99821E-05 9.99821E-05
0.00471474 9.9982E-05 9.9982E-05 0.995085
9.998E-05 9.998E-05 9.998E-05 0.9997
9.9982E-05 9.9982E-05 0.0585708 0.941229
9.9982E-05 0.952115 9.9982E-05 0.0476853
0.824367 0.119529 9.9991E-05 0.056004
9.9982E-05 0.261247 0.738553 9.9982E-05
9.9982E-05 0.877702 0.122098 9.9982E-05
0.0128575 0.940405 9.9991E-05 0.0466373
9.99821E-05 0.222011 9.99821E-05 0.777789
0.0711743 0.928626 9.99821E-05 9.99821E-05
0.275071 0.724729 9.9982E-05 9.9982E-05
0.842541 0.157259 9.9982E-05 9.9982E-05
9.998E-05 9.998E-05 0.9997 9.998E-05
0.114159 0.00151453 9.9991E-05 0.884227
9.9982E-05 9.9982E-05 0.707148 0.292652
0.9997 9.998E-05 9.998E-05 9.998E-05
9.9982E-05 0.371326 0.628475 9.9982E-05
9.99821E-05 0.960307 0.0394926 9.99821E-05
0.0704527 9.9991E-05 0.795444 0.134004
9.9982E-05 0.447531 0.552269 9.9982E-05
