0.042954 0.795632 0.161314 9.9991E-05
9.998E-05 0.9997 9.998E-05 9.998E-05
9.9982E-05 0.512522 0.487278 9.9982E-05
9.999E-05 0.663994 0.126668 0.209238
0.349247 9.9982E-05 0.650553 9.9982E-05
9.9982E-05 9.9982E-05 0.0691117 0.930688
0.0811161 9.9991E-05 0.858539 0.0602445
9.99821E-05 0.959632 0.0401678 9.99821E-05
0.303674 9.99821E-05 9.99821E-05 0.696126
0.150027 9.9982E-05 0.849773 9.9982E-05
9.998E-05 9.998E-05 0.9997 9.998E-05
9.9982E-05 0.881898 9.9982E-05 0.117902
0.4908 9.9991E-05 0.502858 0.00624172
9.99821E-05 9.99821E-05 0.877232 0.122568
0.563958 9.99821E-05 0.435842 9.99821E-05
0.957595 9.99821E-05 9.99821E-05 0.042205
9.9991E-05 0.857433 0.00641957 0.136047
0.428937 9.9991E-05 0.314766 0.256197
9.9982E-05 0.0596201 9.9982E-05 0.94018
0.92165 9.99821E-05 9.99821E-05 0.0781496
0.801235 0.066373 9.9991E-05 0.132292
0.379823 0.100079 9.9991E-05 0.519997
0.967271 9.9982E-05 0.0325291 9.9982E-05
0.155413 0.5184 0.200709 0.125477
9.9991E-05 0.21785 0.769586 0.012464
0.688688 9.9982E-05 0.311112 9.9982E-05
9.9991E-05 0.673486 0.262676 0.063738
0.0496263 9.9991E-05 0.284829 0.665445
9.998E-05 0.9997 9.998E-05 9.998E-05
9.99821E-05 0.343483 9.99821E-05 0.656317
9.9982E-05 0.00716369 0.992636 9.9982E-05
9.998E-05 9.998E-05 0.9997 9.998E-05
0.0442157 9.9982E-05 0.955584 9.9982E-05
9.9982E-05 9.9982E-05 0.0761624 0.923638
9.9991E-05 0.796918 0.0465668 0.156416
0.820482 9.9982E-05 9.9982E-05 0.179318
0.049479 9.9982E-05 9.9982E-05 0.950321
9.9982E-05 9.9982E-05 0.0342423 0.965558
0.00690636 0.0332537 0.757346 0.202494
0.00382138 0.0722128 0.00442859 0.919537
9.9982E-05 0.199439 9.9982E-05 0.800361
9.9982E-05 0.81934 9.9982E-05 0.18046
0.991821 0.00797931 9.99821E-05 9.99821E-05
9.9982E-05 0.152571 0.847229 9.9982E-05
0.614355 9.9982E-05 0.385445 9.9982E-05
9.998E-05 0.9997 9.998E-05 9.998E-05
0.614731 9.9982E-05 9.9982E-05 0.385069
0.0984083 9.99821E-05 9.99821E-05 0.901392
0.747634 0.0819025 0.170364 9.9991E-05
0.565503 9.9991E-05 0.0376988 0.396698
