0.150732 0.108476 9.9991E-05 0.740692
9.9982E-05 0.0429839 9.9982E-05 0.956816
0.469554 9.9982E-05 9.9982E-05 0.530246
0.18845 9.9991E-05 0.262549 0.548901
0.648322 0.351478 9.9982E-05 9.9982E-05
0.0776148 9.9991E-05 0.909808 0.0124771
0.922614 0.0348261 0.0424595 9.9991E-05
0.0191084 0.0298701 9.9991E-05 0.950922
9.9982E-05 0.269655 0.730145 9.9982E-05
0.811817 0.187983 9.9982E-05 9.9982E-05
0.9997 9.998E-05 9.998E-05 9.998E-05
9.9982E-05 9.9982E-05 0.0768224 0.922978
0.469546 0.464793 0.0655605 9.9991E-05
0.823562 9.9991E-05 0.0487906 0.127547
0.496656 0.503144 9.9982E-05 9.9982E-05
9.99821E-05 0.852136 0.147664 9.99821E-05
9.9982E-05 9.9982E-05 0.107994 0.891806
0.266419 0.444052 0.289429 9.9991E-05
9.998E-05 9.998E-05 0.9997 9.998E-05
9.99821E-05 0.949598 0.0502019 9.99821E-05
9.9982E-05 0.756688 0.243113 9.9982E-05
9.9991E-05 0.376005 0.525316 0.0985797
0.0371827 0.92463 9.9991E-05 0.0380874
0.281595 0.0922419 0.227167 0.398995
0.814168 9.9991E-05 0.047577 0.138155
0.205076 0.794724 9.9982E-05 9.9982E-05
0.22732 9.9991E-05 0.10392 0.66866
0.317375 0.0867975 0.595728 9.9991E-05
9.99821E-05 0.0373889 9.99821E-05 0.962411
9.9991E-05 0.00168223 0.599751 0.398467
0.977325 9.99821E-05 9.99821E-05 0.0224746
0.9997 9.998E-05 9.998E-05 9.998E-05
0.949806 0.0499942 9.9982E-05 9.9982E-05
0.0855559 9.9982E-05 0.914244 9.9982E-05
0.104405 9.9991E-05 0.164234 0.731261
9.9982E-05 0.765665 0.234135 9.9982E-05
9.9991E-05 0.128519 0.859471 0.0119101
0.086504 9.9982E-05 0.913296 9.9982E-05
0.775467 9.99937E-05 0.217453 0.00698036
0.00636878 9.9991E-05 0.95606 0.0374714
9.9982E-05 9.9982E-05 0.692309 0.307491
9.9982E-05 9.9982E-05 0.115567 0.884233
9.998E-05 0.9997 9.998E-05 9.998E-05
0.862874 9.9982E-05 9.9982E-05 0.136926
0.305449 0.694351 9.9982E-05 9.9982E-05
9.99821E-05 0.0168211 9.99821E-05 0.982979
9.9982E-05 0.606847 0.392953 9.9982E-05
9.99821E-05 0.104338 0.895462 9.99821E-05
0.167212 0.706891 9.9991E-05 0.125797
9.9982E-05 0.596318 0.403482 9.9982E-05
