9.9991E-05 0.279843 0.720057
9.999E-05 0.0722527 0.927647
9.999E-05 0.525166 0.474734
9.999E-05 0.161665 0.838235
0.233447 0.766453 9.9991E-05
0.428346 9.9991E-05 0.571554
0.0471876 0.884907 0.0679049
9.999E-05 0.0717279 0.928172
0.864357 9.9991E-05 0.135543
0.0340227 0.965877 9.9991E-05
9.999E-05 0.9998 9.999E-05
9.999E-05 9.999E-05 0.9998
0.417576 0.582324 9.9991E-05
9.9991E-05 0.87627 0.12363
0.324863 0.675037 9.9991E-05
0.836665 0.163235 9.9991E-05
9.9991E-05 0.0769468 0.922953
0.662741 0.337159 9.9991E-05
0.33729 9.9991E-05 0.66261
0.9998 9.999E-05 9.999E-05
0.985372 0.014528 9.9991E-05
0.701905 9.9991E-05 0.297995
0.760662 0.239238 9.9991E-05
0.129193 0.274003 0.596804
9.9991E-05 0.791069 0.208831
0.508114 0.491786 9.9991E-05
9.9991E-05 0.237084 0.762816
0.514284 0.266493 0.219223
9.99911E-05 0.00642797 0.993472
0.271992 9.9991E-05 0.727908
9.9991E-05 0.980845 0.0190545
9.999E-05 0.9998 9.999E-05
9.999E-05 0.9998 9.999E-05
0.501296 9.9991E-05 0.498604
9.9991E-05 0.0594729 0.940427
0.961435 0.038465 9.9991E-05
0.63609 9.9991E-05 0.36381
0.486292 9.9991E-05 0.513608
0.115932 0.71309 0.170978
0.350246 9.9991E-05 0.649654
0.176124 9.9991E-05 0.823776
9.999E-05 9.999E-05 0.9998
0.960899 0.0390011 9.9991E-05
9.9991E-05 0.881478 0.118422
0.48545 0.51445 9.9991E-05
9.9991E-05 0.0286551 0.971245
0.9998 9.999E-05 9.999E-05
0.760053 9.9991E-05 0.239847
0.708291 0.291609 9.9991E-05
0.955516 9.9991E-05 0.0443836
