9.9991E-05 0.281668 0.718232
9.999E-05 0.0223851 0.977515
9.999E-05 0.496456 0.503444
9.999E-05 0.191025 0.808875
0.211265 0.788635 9.9991E-05
0.460017 9.9991E-05 0.539883
0.113694 0.853691 0.0326146
9.999E-05 0.0551861 0.944714
0.897669 9.9991E-05 0.102231
0.0462559 0.953644 9.9991E-05
9.999E-05 0.9998 9.999E-05
9.999E-05 9.999E-05 0.9998
0.318737 0.681163 9.9991E-05
9.9991E-05 0.832703 0.167197
0.400058 0.599842 9.9991E-05
0.863466 0.136434 9.9991E-05
9.9991E-05 0.0591692 0.940731
0.605108 0.370702 0.02419
0.375278 9.9991E-05 0.624622
0.957177 0.0427226 9.9991E-05
0.962775 0.00117918 0.0360462
0.723138 0.0121115 0.264751
0.794403 0.205497 9.9991E-05
0.198326 0.259867 0.541807
9.9991E-05 0.80441 0.19549
0.553091 0.446809 9.9991E-05
9.9991E-05 0.269719 0.730181
0.439275 0.232218 0.328507
9.999E-05 9.999E-05 0.9998
0.268662 9.9991E-05 0.731238
9.9991E-05 0.9534 0.0464999
9.999E-05 0.9998 9.999E-05
9.999E-05 0.9998 9.999E-05
0.564793 9.9991E-05 0.435107
9.9991E-05 0.094473 0.905427
0.931866 0.0680337 9.9991E-05
0.633564 9.9991E-05 0.366336
0.467172 9.9991E-05 0.532728
0.0779225 0.741172 0.180905
0.428393 9.9991E-05 0.571507
0.147954 9.9991E-05 0.851946
9.999E-05 9.999E-05 0.9998
0.987242 0.0126577 9.9991E-05
9.9991E-05 0.854465 0.145435
0.433395 0.566505 9.9991E-05
9.9991E-05 0.0561882 0.943712
0.9998 9.999E-05 9.999E-05
0.745873 9.9991E-05 0.254027
0.629503 0.370397 9.9991E-05
0.797055 0.0991089 0.103836
