0.773857 0.0132624 0.212881
0.9998 9.999E-05 9.999E-05
0.527763 9.9991E-05 0.472137
0.80712 0.0498843 0.142996
9.9991E-05 0.135576 0.864324
0.440443 0.559457 9.9991E-05
0.0872731 0.0735843 0.839143
0.932711 9.9991E-05 0.0671891
9.999E-05 0.9998 9.999E-05
9.999E-05 9.999E-05 0.9998
9.999E-05 9.999E-05 0.9998
0.9998 9.999E-05 9.999E-05
9.9991E-05 0.331326 0.668574
0.230281 9.9991E-05 0.769619
9.9991E-05 0.284346 0.715554
9.9991E-05 0.743129 0.256771
0.9998 9.999E-05 9.999E-05
9.9991E-05 0.520171 0.479729
0.503834 0.496066 9.9991E-05
9.9991E-05 0.859872 0.140028
9.9991E-05 0.842773 0.157127
0.240322 0.718893 0.0407854
9.9991E-05 0.671095 0.328805
0.548832 0.178466 0.272702
0.241946 9.9991E-05 0.757954
9.9991E-05 0.319795 0.680105
0.821049 9.9991E-05 0.178851
0.165401 0.553575 0.281023
0.9998 9.999E-05 9.999E-05
0.614442 0.385458 9.9991E-05
0.0809372 9.9991E-05 0.918963
0.028908 9.9991E-05 0.970992
9.999E-05 9.999E-05 0.9998
0.354507 0.645393 9.9991E-05
0.959658 9.9991E-05 0.0402419
9.9991E-05 0.904362 0.0955384
0.279631 0.720269 9.9991E-05
0.3741 0.6258 9.9991E-05
0.147629 0.117296 0.735075
0.450242 0.549658 9.9991E-05
0.644039 0.355861 9.9991E-05
0.9998 9.999E-05 9.999E-05
9.9991E-05 0.816066 0.183834
0.250435 9.9991E-05 0.749465
9.9991E-05 0.345892 0.654008
0.9998 9.999E-05 9.999E-05
9.999E-05 0.9998 9.999E-05
0.113918 0.885982 9.9991E-05
9.9991E-05 0.478068 0.521832
9.9991E-05 0.853885 0.146015
