0.11226 0.637428 0.250311
9.999E-05 0.977044 0.0228559
9.999E-05 0.462037 0.537863
9.999E-05 0.852463 0.147437
0.196552 9.9991E-05 0.803348
0.478363 0.521537 9.9991E-05
0.0949877 0.0941724 0.81084
9.999E-05 0.925943 0.0739569
0.870687 0.129213 9.9991E-05
0.0646968 9.9991E-05 0.935203
9.999E-05 9.999E-05 0.9998
9.999E-05 0.9998 9.999E-05
0.327849 9.9991E-05 0.672051
9.9991E-05 0.171485 0.828415
0.377023 9.9991E-05 0.622877
0.874641 9.9991E-05 0.125259
9.9991E-05 0.994872 0.00502784
0.61176 9.9991E-05 0.38814
0.349087 0.650813 9.9991E-05
0.9998 9.999E-05 9.999E-05
0.947287 0.039383 0.0133302
0.687229 0.312671 9.9991E-05
0.835838 9.9991E-05 0.164062
0.121604 0.622094 0.256302
9.9991E-05 0.209896 0.790004
0.515133 9.9991E-05 0.484767
9.9991E-05 0.75756 0.24234
0.435378 0.336275 0.228347
0.00472916 0.951515 0.0437562
0.232386 0.767514 9.9991E-05
9.9991E-05 0.0121389 0.987761
9.999E-05 9.999E-05 0.9998
9.999E-05 9.999E-05 0.9998
0.502563 0.497337 9.9991E-05
9.9991E-05 0.912813 0.0870867
0.961219 9.9991E-05 0.038681
0.644017 0.355883 9.9991E-05
0.526641 0.473259 9.9991E-05
0.0483056 0.201175 0.75052
0.350051 0.649849 9.9991E-05
0.173069 0.826831 9.9991E-05
9.999E-05 0.9998 9.999E-05
0.967145 9.9991E-05 0.0327554
9.9991E-05 0.148977 0.850923
0.470182 9.9991E-05 0.529718
9.9991E-05 0.985812 0.0140876
0.9998 9.999E-05 9.999E-05
0.668411 0.331489 9.9991E-05
0.607071 9.9991E-05 0.392829
0.922551 0.0486689 0.0287799
