0.333957 0.00614124 0.659901
0.0484222 9.9991E-05 0.951478
0.556844 9.9991E-05 0.443056
0.162244 9.9991E-05 0.837656
0.76043 0.23947 9.9991E-05
9.999E-05 0.378718 0.621182
0.864705 0.0599968 0.0752985
0.176176 9.9991E-05 0.823724
9.9991E-05 0.859226 0.140674
0.84278 0.15712 9.9991E-05
0.9998 9.999E-05 9.999E-05
9.999E-05 9.999E-05 0.9998
0.598434 0.401466 9.9991E-05
0.815464 9.9991E-05 0.184436
0.608995 0.390905 9.9991E-05
0.110741 0.889159 9.9991E-05
0.0179832 9.9991E-05 0.981917
0.345824 0.640083 0.0140933
9.9991E-05 0.294913 0.704987
9.999E-05 0.9998 9.999E-05
0.0268209 0.971294 0.00188518
9.9991E-05 0.654975 0.344925
0.139682 0.860218 9.9991E-05
0.303842 0.118647 0.577511
0.845266 9.9991E-05 0.154634
0.427989 0.571911 9.9991E-05
0.306941 9.9991E-05 0.692959
0.171283 0.448974 0.379743
0.0378712 0.0232039 0.938925
9.9991E-05 0.255078 0.744822
0.9998 9.999E-05 9.999E-05
0.9998 9.999E-05 9.999E-05
0.9998 9.999E-05 9.999E-05
9.9991E-05 0.488837 0.511063
0.120941 9.9991E-05 0.878959
9.9991E-05 0.997585 0.00231538
9.9991E-05 0.556775 0.443125
9.9991E-05 0.474835 0.525066
0.731194 0.16453 0.104276
9.9991E-05 0.374366 0.625534
9.9991E-05 0.0957111 0.904189
9.999E-05 9.999E-05 0.9998
9.999E-05 0.9998 9.999E-05
0.890688 9.9991E-05 0.109212
0.460823 0.539077 9.9991E-05
9.999E-05 9.999E-05 0.9998
9.999E-05 0.9998 9.999E-05
9.9991E-05 0.66049 0.33941
0.350926 0.648974 9.9991E-05
0.00653132 0.927607 0.0658612
