0.0228315 0.323519 0.65365
9.999E-05 0.0731007 0.926799
9.999E-05 0.538155 0.461745
9.999E-05 0.192814 0.807086
0.227764 0.772136 9.9991E-05
0.398198 9.9991E-05 0.601702
0.0788225 0.921078 9.9991E-05
9.999E-05 0.15177 0.84813
0.790852 9.9991E-05 0.209048
0.112864 0.887036 9.9991E-05
9.999E-05 0.9998 9.999E-05
9.999E-05 9.999E-05 0.9998
0.364312 0.635588 9.9991E-05
9.9991E-05 0.855852 0.144048
0.460749 0.539151 9.9991E-05
0.92302 0.0768796 9.9991E-05
9.9991E-05 0.0638277 0.936072
0.58217 0.325707 0.0921228
0.247457 9.9991E-05 0.752443
0.9998 9.999E-05 9.999E-05
0.990571 0.00932947 9.9991E-05
0.657687 9.9991E-05 0.342213
0.844494 0.155406 9.9991E-05
0.14377 0.316924 0.539306
9.9991E-05 0.818953 0.180947
0.566685 0.433215 9.9991E-05
9.9991E-05 0.341015 0.658885
0.488839 0.20865 0.30251
9.99911E-05 0.0545743 0.945326
0.163251 9.9991E-05 0.836649
9.9991E-05 0.965556 0.0343443
9.999E-05 0.9998 9.999E-05
9.999E-05 0.9998 9.999E-05
0.451583 9.9991E-05 0.548317
9.9991E-05 0.108302 0.891598
0.92869 0.0112463 0.0600637
0.500456 9.9991E-05 0.499444
0.413329 9.9991E-05 0.586571
0.107271 0.717043 0.175686
0.299394 9.9991E-05 0.700506
0.120744 9.9991E-05 0.879156
9.999E-05 9.999E-05 0.9998
0.9998 9.999E-05 9.999E-05
9.9991E-05 0.833068 0.166832
0.501238 0.498662 9.9991E-05
9.9991E-05 0.0413662 0.958534
0.9998 9.999E-05 9.999E-05
0.603239 9.9991E-05 0.396661
0.63031 0.36959 9.9991E-05
0.892708 0.0259552 0.0813371
