0.27738 0.0402152 0.682405
9.999E-05 9.999E-05 0.9998
0.502493 9.9991E-05 0.497407
0.185619 0.011097 0.803284
0.858537 0.141363 9.9991E-05
9.999E-05 0.471552 0.528348
0.892444 0.104298 0.00325778
0.0938103 9.9991E-05 0.90609
9.9991E-05 0.923963 0.0759372
0.960542 0.0393581 9.9991E-05
0.9998 9.999E-05 9.999E-05
9.999E-05 9.999E-05 0.9998
0.613044 0.386856 9.9991E-05
0.845762 9.9991E-05 0.154138
0.654115 0.345785 9.9991E-05
0.164337 0.835563 9.9991E-05
0.0352569 9.9991E-05 0.964643
0.386244 0.60202 0.0117364
9.9991E-05 0.382614 0.617286
0.0482662 0.951634 9.9991E-05
0.0836727 0.916227 9.9991E-05
9.9991E-05 0.676789 0.323111
0.208206 0.791694 9.9991E-05
0.323822 0.113452 0.562726
0.777948 9.9991E-05 0.221952
0.541966 0.457934 9.9991E-05
0.280282 9.9991E-05 0.719618
0.205745 0.487544 0.306711
0.0137221 0.0331029 0.953175
9.9991E-05 0.301913 0.697987
0.933692 9.9991E-05 0.0662076
0.9998 9.999E-05 9.999E-05
0.9998 9.999E-05 9.999E-05
9.9991E-05 0.558188 0.441712
0.0369982 9.9991E-05 0.962902
0.0609555 0.938944 9.9991E-05
9.9991E-05 0.654232 0.345668
9.9991E-05 0.549867 0.450033
0.73145 0.0625459 0.206005
9.9991E-05 0.433004 0.566896
9.9991E-05 0.209469 0.790431
9.999E-05 9.999E-05 0.9998
0.0697618 0.930138 9.9991E-05
0.853259 9.9991E-05 0.146641
0.590727 0.409173 9.9991E-05
0.0981269 9.9991E-05 0.901773
9.999E-05 0.9998 9.999E-05
9.9991E-05 0.792845 0.207055
0.445415 0.554485 9.9991E-05
0.0473163 0.863564 0.0891195
