0.00856073 0.672975 0.318465
9.999E-05 0.972906 0.0269941
9.999E-05 0.437352 0.562548
0.0128548 0.836453 0.150692
0.138883 9.9991E-05 0.861017
0.478508 0.521392 9.9991E-05
0.0725614 0.0218932 0.905545
9.999E-05 0.886084 0.113816
0.902206 0.0976936 9.9991E-05
0.030149 9.9991E-05 0.969751
9.999E-05 9.999E-05 0.9998
9.999E-05 0.9998 9.999E-05
0.343675 9.9991E-05 0.656225
9.9991E-05 0.144671 0.855229
0.311067 9.9991E-05 0.688833
0.833497 9.9991E-05 0.166403
9.9991E-05 0.990395 0.00950463
0.584519 9.9991E-05 0.415381
0.396235 0.603665 9.9991E-05
0.920236 9.9991E-05 0.0796641
0.882036 9.9991E-05 0.117864
0.76585 0.23405 9.9991E-05
0.781874 9.9991E-05 0.218026
0.106511 0.618109 0.275381
9.9991E-05 0.210837 0.789063
0.425238 9.9991E-05 0.574662
9.9991E-05 0.740019 0.259881
0.560916 0.222528 0.216556
9.99911E-05 0.903133 0.0967673
0.347408 0.652492 9.9991E-05
9.9991E-05 0.000361026 0.999539
9.999E-05 9.999E-05 0.9998
9.999E-05 9.999E-05 0.9998
0.588959 0.410941 9.9991E-05
9.999E-05 0.9998 9.999E-05
0.961417 9.9991E-05 0.0384827
0.725328 0.274572 9.9991E-05
0.529572 0.470328 9.9991E-05
0.0806694 0.126979 0.792352
0.466339 0.533561 9.9991E-05
0.222067 0.777833 9.9991E-05
9.999E-05 0.9998 9.999E-05
0.898868 9.9991E-05 0.101032
9.9991E-05 0.162993 0.836907
0.394797 9.9991E-05 0.605103
9.9991E-05 0.996752 0.00314794
0.9998 9.999E-05 9.999E-05
0.828108 0.171792 9.9991E-05
0.460534 9.9991E-05 0.539366
0.866316 0.0227793 0.110904
